103863526
93759345
94544857
107546555
92824177
99214689
91148328
91957202
90575720
89220983
87678470
87881648
85326188
88515131
84456638
85316989
87717752
92927865
92645483
93374512
91463524
99725490
94975173
90860194
101052041
125783900
87842226
84019833
84897787
84247494
85089882
86537967
86405330
84154840
82345966
83397189
88689028
84953175
85305205
84379570
88507016
84648898
83662530
85314433
85002545
82513338
84501830
85054911
86827630
84761690
84872345
84321443
85255134
88431640
84787395
84564428
83246317
83742931
83602615
84526875
83543793
87527637
85364090
84191782
83421600
83044662
82746714
82510943
84379825
84159749
87925703
84866423
90424652
98736977
91828269
91318853
99405467
92598596
91296212
91012994
90287626
87742140
89430077
85205668
85098331
87770168
86765703
85665441
85189026
85683434
84606861
82493507
83179397
84747267
84739926
85155326
83716580
84454311
85301504
83367775
83336325
84465935
86052297
85474709
87690333
87472894
83028695
84678998
85729912
85218667
85081855
85097065
87586178
83555979
83371224
87713129
89573625
85406138
84505233
84081735
85198123
84172613
83171301
83530182
85798535
86917312
86122757
85757447
83531512
82741257
82779842
87652092
86257841
86572941
85330963
83797381
83621066
83608504
87509077
90821094
85231174
84644968
85045508
85008734
84041275
82781612
83880545
84312841
99362355
91252733
92488125
91027460
90167514
88339588
85339194
83420966
83995718
84485048
85548588
82704677
84312071
84411760
85572900
83649584
84999650
85030882
81704178
93064624
86580874
82657749
82296276
85679524
86738159
85490965
84345276
85417093
84678399
84679463
85996559
84921044
82845530
86085850
83787996
83275648
84240801
84750772
85172984
86596539
85412150
85601914
86367870
84918244
90301362
85690412
85129616
87836279
85671351
85471277
89026068
87279880
87247202
84731314
85122330
83637497
84427714
91006301
83964154
85709546
85110893
85503059
84560931
84735890
87076509
85338789
85876087
84883874
84681602
83595963
86726500
84473530
84592335
85278892
84575376
84498192
85957257
84250432
83258352
86576837
87353818
85642692
85403843
84272957
84455678
87861208
85294185
84522681
83419735
84217590
85683360
89523689
83289677
84445838
85863799
86838779
83836061
84105253
87788460
85999367
87514286
86123029
84849400
88805527
85125459
85855017
91403631
85538084
85539584
85240876
84108506
87566769
85718524
87928066
86747797
84711316
84960677
85759378
86854096
85582413
86695682
83859154
83080937
84187314
85875518
86518183
85911514
86993530
84790034
84734259
84715858
83947243
83846805
86182958
85646775
85424994
85571584
84779378
86879329
84868417
83692610
83025447
84748311
85454133
85788571
91941054
85828438
85137821
85037242
83671575
84031149
84542798
84251967
85655423
84379126
84760101
84414699
83174149
84840485
84803698
85936901
85719841
86340241
85422920
83999611
86885729
84789885
85493817
84550447
84740897
84790889
85484640
84821137
85997655
85830589
84696240
84781097
84527864
83952737
84318139
85121452
87594581
85216521
85622409
84496368
87233272
85344465
85732463
83536033
84676281
87824386
85456637
84446880
85380359
85713562
85557241
86585561
85582577
85206270
84944810
88514273
95842344
85617692
85166006
85488744
84514093
85049481
85901145
86127953
85664438
85971231
85188322
87413089
85755481
85237228
85822391
85652550
87134297
88105120
85744879
85749980
84837134
86699831
84544670
85793314
86189172
86559857
85637529
85625415
86656066
85491953
85627320
86367051
83567132
85063053
85573006
84717747
85629126
83081480
83684330
86037902
86579728
86060160
87001824
86682932
84493033
85230066
84896537
84238421
85545611
86076153
85121455
84807240
85594993
85313583
85770102
85301043
86173164
84745380
86507639
84390288
86647070
86299152
86432576
87319337
85252727
85662352
86349234
87737554
87419351
87157906
84787639
84597357
85893057
86110696
86678282
84274642
85948784
85242628
85959775
87143458
86806931
85485833
85291425
85603950
89564112
86104482
87985819
85730283
85397473
86643318
85641563
85828088
89245386
85881850
85302683
85501092
86382806
85219656
85150908
85922593
86522585
87498233
86481841
85534294
86788699
86912360
85981155
85892132
85661201
86654936
86828986
86198352
86292665
89804603
86557378
85304332
85306581
87574845
87789587
86361785
84954388
87744798
86697683
87062915
84750954
87299295
87013268
87710621
85988657
86940897
88710035
86521724
88264375
86653435
86311324
85957515
85999085
85292932
87179394
87674219
88620751
85828155
85955615
86404619
86449065
84555698
88751955
86263813
86524304
86795712
86422830
86387229
87231358
86061516
86400780
85519778
85825411
85864087
86040166
88628540
85385877
87058613
85926747
87639135
86403905
86647593
85608346
87146812
86824414
88341116
86707550
86756888
87373218
88005968
86552969
85621389
86132791
88621794
87686720
88733434
87555705
86665152
87825040
90245037
86125893
87774082
85785197
86376732
92660976
86404967
85862490
85830792
84515824
85129993
85958330
86087528
85880071
84873503
86972652
85996640
85825258
107096617
87432845
86857789
88178034
86411287
85820210
87321171
87689808
88939279
86871382
88231291
88047900
87888413
86744775
85435867
87834210
87898233
87153406
87036993
86248551
85867308
86360604
85472977
86065877
86043772
87406029
86340047
85818998
86258652
86683983
85228056
87595037
86623256
87529152
88078940
87495968
87032716
85735057
85180698
87759395
86109620
86726918
86558225
87007586
88864180
87315423
86933099
86227935
87903880
87155331
85983230
87305872
89075569
89576955
85989826
86421037
88657948
89454181
89754921
85656346
85644106
90287839
91267528
88473726
86274704
86387196
87696343
87838973
87541938
87840976
88369411
88778063
86329585
86471524
86274543
86296069
86861397
87558090
87814162
85771314
87381070
86092983
86744387
86537425
86627446
86294199
90568946
87053117
87928199
86574336
84974474
87662759
87425705
86517219
88691541
84343861
88097134
87403184
87688541
87093771
86476775
90566827
87313869
88196797
86709449
98375464
87923505
86750176
89337733
87374568
85355506
86185546
86751780
86703096
87486212
86079860
87605071
99585530
86607120
87846340
87394489
87993251
86113970
86823630
87576472
86640066
85915733
88275526
87791402
87352356
88565363
88252593
88625896
87637326
88789916
87194051
90033367
87666304
88436251
90789508
87696033
87571469
87457193
87539061
87307382
88061921
87200520
86249527
87501488
87434478
86536346
89350288
87565697
89189506
87758173
87517950
87169211
87635829
90405676
88893030
85863931
87020644
88909433
87139652
87759741
87725811
87744499
86171380
128246329
111313092
88846056
88468196
90098057
89415933
86702972
88716883
86627187
87654164
86928817
90628920
88593041
88581098
93572133
87308683
89691169
88997141
88117600
88396064
88556259
88693687
90141198
90384410
90813955
88918381
89723071
90575386
89121987
87742074
86646603
89184517
86382014
87848491
88151671
85944835
87306142
91103013
89196065
87895141
88030120
89053612
86629796
88250524
88708066
88887934
88422431
89410041
89001141
90964857
88177855
89045401
87692627
88899487
88768371
87832443
88092797
89433033
87675080
99730605
88992443
88844479
88908110
88140764
89318189
89966278
86802026
92105358
89706919
88413590
89107183
87853788
86958991
89567496
88599781
88725237
86588113
88734274
88337843
88041187
89000179
88787025
89143641
88903541
88620316
90721232
89849219
89481279
89100584
87788015
88754257
90622356
90572927
87226832
89613328
90515121
87752267
88414652
89830245
90749516
90390082
90159879
89310432
89703147
87776415
87561394
88898093
87038514
87791658
88149427
87954314
91260724
89559136
93326689
88524065
87733119
88354243
87367090
90271120
86551140
90910105
88966593
91123864
90122495
88986433
88773645
88098916
87777613
87429690
88955697
88783365
92084859
87878072
89465380
90569681
87827322
87873667
88762594
91617010
89572206
93663020
90358115
90913382
87858690
88379046
90631724
89036670
87528918
88346464
89557209
89562254
86857574
87721850
90274934
89677425
93565477
90928155
90719326
90473002
89904689
87587137
88678661
89760005
111214384
104602459
89315216
87850768
88484953
88706277
88238207
90129728
90158537
90008536
87490582
88339036
91253932
88084222
90688175
90106910
90215429
88425407
88661247
88713930
89372775
87619864
88576756
91692560
88551567
88458085
90118384
89617632
89668236
90380206
90774812
89023971
89241271
89523010
88596200
90741285
90048236
87685075
88942163
89213207
89298799
90854058
89341553
90399490
90009304
89284475
90128166
90228280
88030017
90843107
89035067
91530235
87788936
90724341
88803668
87741717
89686260
89582848
88769143
91723603
91623066
91441319
90437435
89893837
87795126
87513797
89761297
88318514
89955363
90598529
92848866
87723501
92544709
88199479
89135845
91311972
90353237
90185783
89902979
89212522
89007541
89401065
89356995
87877509
90632710
90028923
89225634
90267089
88384030
88305130
89436229
88171960
88248784
89894622
87277551
89675798
91101161
91643262
90034455
91635757
90553050
91693532
89259862
89317570
89915507
90383938
89024710
92348862
90205079
90409042
89347697
89327031
92586254
88539012
90024197
93746464
88131545
91604188
90426962
92998414
89268080
91323570
91837052
89853287
88305870
91384236
90808307
91232142
89389273
88643406
87806440
89562922
91989155
88470799
90294260
91919888
91635598
90121268
89124605
91096949
89060777
90023091
93313891
92591947
90424359
90887116
88498136
89248338
92413552
89336430
87934945
89622423
89908904
88426580
93591344
89332792
88622678
91912023
91278225
88949313
88423380
90473025
89103157
88235378
89516832
91343137
87951862
90378815
89598566
89775217
89760029
91388558
88746739
89971480
90631611
87964964
90157839
91616723
88031359
90572353
92137056
92540272
92103882
90513405
91688075
91087289
90968872
90177419
88234294
90083697
95452118
111139621
92922174
91683636
91694690
89340067
93072477
90406957
90380864
93461405
90519109
91370793
88894548
89217640
87822281
89987669
88163488
88532859
91316214
89892339
88515259
92853161
89646162
89672817
91465976
89766335
89855524
91233312
91788032
92820295
98423153
90108798
89391161
89507769
90028332
89920307
90943943
91675271
91070750
89743947
92239628
91561649
93287862
89388904
89787132
92763366
89895117
91190598
93330973
90294007
93341300
92655495
90483279
91183708
91062091
99543445
89413847
91870163
88962833
92062449
92739824
90831363
90531518
91812247
88846966
89741010
92134185
88651770
90398536
90829694
89437000
94593808
92701809
90111432
92903560
89799294
88885164
90263051
90561187
91550189
89250294
88501300
90017085
90256184
89708481
91875245
92206418
88740869
89333695
90850492
92246384
91327613
89679853
91899006
90159204
90435586
90071953
90837684
92582108
89672587
90784364
89717786
90657769
89020757
88959552
92331910
90870403
88978470
92171512
89934660
91294828
90612957
89864901
89443404
90528126
93913567
89499659
90106696
89948326
93741781
91397631
90375914
89602740
93368050
91349386
91058770
93715813
88607344
89882703
90025246
90722800
90014196
90122459
90182157
95022767
88162963
90764254
89918765
90311375
89359009
90960164
88778882
92837586
92126689
91255697
91241665
89504693
89212461
92618379
94920727
90531960
89323331
90049608
90647069
91938843
90070245
91894303
92453321
93823766
94035410
92907357
90148760
90194861
91504177
92473871
90076609
91989859
96687947
90632060
89106458
89728846
91585896
89356730
89227342
93609586
90525211
90034786
90433279
90849736
97044321
88512938
92881063
94747059
90933317
90085911
90399577
92983158
90123213
90177318
91975761
89436806
88964934
91172767
92386514
92863069
91958646
92127651
91235143
91054428
92651710
90704837
91860238
90723810
90266510
90179790
91315177
91241136
91616870
91033140
90596109
92010510
92432717
91522538
94085686
91698280
93035745
90453097
90399449
93188312
90376281
90464832
91414526
89861369
91652181
91795877
90623150
95333119
92430490
91405532
90063464
91420038
94320195
90999545
92362716
91571487
90384226
90462208
95414831
89386396
92632281
90561429
91701945
91033413
91619834
94688974
90811269
90733471
91720908
91276528
91829775
89326504
91731540
93836914
90747266
92342686
90881222
93973116
94349892
89827869
91171632
89332315
90213110
89084899
90369103
91726082
91823445
92648532
89430801
90169283
92404207
90663427
92359708
92535960
91320428
90328077
90010918
92858438
92238624
91731115
93629140
91166962
92325376
92751183
90914189
94192987
93540123
90305292
92644442
92904578
91248289
89999577
91179994
90337115
92199292
90428030
90837784
91795183
91255915
88803742
90812059
93256993
93362469
93231378
90842835
90716871
90765932
91695835
90305592
90807313
91896222
92520595
90154502
92237933
92079211
90829767
90279377
92036415
89344190
92702269
91473697
92069094
91470945
90167694
93557306
90871738
93536487
91906882
91626491
91959515
91580603
91689615
91475473
91120349
92502217
93203314
92177915
90526707
90941992
94813420
91500440
92675903
94629306
91210210
91876635
91007315
94377676
92953987
90027534
90780003
93238866
92382316
94039013
94369104
92876229
91753727
94019499
91458372
90677421
94727930
91603457
91914550
90006324
91588375
90776946
92549759
90928209
91863835
91558771
91716861
93145523
94152173
90954361
91152443
91619264
91078487
91696306
90930013
91591812
90613227
92145360
93266953
91158852
92522100
92372359
90102443
91332288
92559366
90407753
91560258
92740301
92512248
91905424
95240481
90240434
90840495
94035067
92567828
92749314
93692422
93639521
91523426
92039085
94437767
90975970
93197340
93677109
91688473
93440743
94083143
92431830
91940375
93683448
93265867
92881682
92609030
91293697
91939782
92520913
92066494
92588526
91129447
90823909
92730142
91732159
92212492
91914001
93101383
93108601
90857734
93181233
96143048
91410747
95031079
91319232
91325355
94916311
93928442
90351119
91709478
93755277
91076056
91748110
93622397
92840871
95102404
93016691
91781546
93882171
92495533
92230788
92576921
91657412
91831965
95523050
92439977
92764647
93036404
95864921
90482710
91856662
91371448
91404345
91283250
92013080
92912252
92691425
93335268
92520773
91756089
93492855
92293940
91874758
91583763
91029751
95846493
93643179
92734187
92768966
94967369
92161369
91526892
95236251
92581598
92512105
91482451
93795766
92933345
94979739
96242198
93178568
92370857
94973022
92610029
96647581
92681538
92751435
93412183
91982137
91674870
91513265
92577166
95562257
91665061
92977986
92394491
92830421
91674185
95105357
92126575
93690119
94131864
91427838
92199014
96459721
92125956
94443002
94436655
93607330
93002273
90987074
92334814
90668098
91566968
98491207
91467227
92700411
95619524
91106695
93843996
93688341
93065959
97224751
93196959
91586583
93250853
93914289
96265597
94865816
90738986
92302740
92815508
91665391
92467483
94665449
92599840
92791660
93838606
92757824
91345608
92061357
94258715
92399412
95253923
91285126
94750326
93777083
92940774
93070099
95425464
92789790
94369508
91744354
91827986
94376679
93884102
92590012
92328766
93288437
92220762
94613554
93944429
92508685
93036232
93831886
92478403
92732528
93939619
91068615
93594161
94935566
91110192
92716204
93433060
93153643
94334893
94683155
91879388
92076350
93216092
92475352
97086455
95304987
93023161
92299530
93053581
93614184
91866388
93248299
94071633
92867510
91776555
93866366
93451260
96214094
92620747
95552325
92936995
94930386
92786219
93391001
93197732
93789430
94763059
94142598
92800988
92472887
97770141
92469210
93911796
96075461
94185331
93869392
95888820
92524629
93196007
92727552
94026724
94993208
92284704
92548889
92553634
92359065
94690502
94062378
93443775
94955757
92564143
92409947
92545444
94746878
91545149
96197252
93809366
93353787
94450119
94529879
93678920
93813990
96215611
91086402
94353896
94351403
92193797
93673637
95050814
92865663
95116327
92134282
94710549
93214173
95478191
91968623
92706281
96208535
91653792
92572372
93459256
92243207
91796018
95907205
93466034
94575479
92757378
92985780
94898800
92090975
91911665
95468805
91592723
92970960
94958529
93147957
93049421
101415626
97664319
121047248
133630165
100510547
95738353
108420888
92135875
92094412
93775431
93809697
95322888
94255255
93666942
94160356
93063416
94321784
92665893
92512724
96951363
94522229
94144141
93550183
95624394
92301437
95549891
93116026
93534985
97742172
96186549
92357396
93986800
95997877
94657779
94632815
96346700
93857955
95299218
94010929
95728346
94538854
94671096
95486583
92750011
94223536
93992892
94245375
94385978
92877378
94346945
95343152
95705947
94902395
92574626
91949814
95508279
93494881
96630078
91667217
94168806
91581381
93518974
97630925
96528126
93890055
95778884
93391444
92663997
92931112
96560032
93949082
98896260
97731409
94067895
96061774
93383875
95670885
92244573
93496784
93589121
94688657
94047594
94313975
94765411
95751905
93911573
94768436
93954294
94940283
94845494
99910866
94790852
95340904
93964517
96589286
96548493
93142870
95067639
92843714
99566203
94479170
95241335
92646108
93021362
96009259
93101048
93214836
104793749
92730351
92687386
94726482
93277276
93854249
93629338
92991471
98489673
94997185
95119280
92859896
97199315
95922309
94325030
96822783
93314439
94963743
93354898
93130926
95409461
96277371
93340590
96740605
95645068
95362818
93972788
95909689
92259869
96214881
94823614
96354272
92966751
95344085
95924926
94174102
94836303
92908215
94524561
96780537
95571907
95755666
94735085
93815139
93450239
95258682
94588088
94328240
93706019
94995775
95961389
92564546
95504050
93323393
94687667
98136818
93914444
100952805
93814392
94636094
93837204
94556914
98697983
93751257
93313891
93312112
93066647
96000045
94947179
93175340
92953177
95976168
94016384
96131635
94868931
93811740
94942272
93559783
94866127
94669974
94967653
94662071
94793815
96103294
96148343
93694615
94970271
94617845
93480023
97525306
97670586
93506308
98266882
94767920
93514888
93554041
95373760
92974330
94109741
97336841
93657831
96695614
94600384
94359142
94261167
94643333
97790256
95702856
95463849
94903064
94254972
94623579
93830950
95879093
94982322
92458735
95159044
93854877
93142637
96205983
93313566
96317199
97147993
93856433
95132033
97033756
92937788
96328296
93185495
94190736
94581235
94946407
94545715
93719355
95348564
93666006
93536867
94311292
96287723
94633064
98248278
93574900
95991032
93957392
95755339
95685068
94311531
95242306
96427354
94707566
94777011
96590145
93915327
95571786
96167256
94072466
97504401
95737685
95050123
95881537
98323154
94643834
95753279
96880504
93557723
95212457
94163102
94067373
96798200
95364789
95122990
95301503
94959633
97839231
94576156
99817541
96984615
94028427
95148282
100827577
93947843
96817067
96230086
95419620
95642281
97368902
94484945
96665474
94814044
93328545
96773648
96972403
96069646
95069197
96478767
94093595
93316741
93135550
94406760
95393563
94982117
95761526
96647453
94743726
96379519
97426318
94741220
95522133
95387438
93476038
93505547
98166786
94477880
94709101
97199445
95600826
93782389
94769253
94977760
94458834
99435848
94003533
93289597
93939751
95310850
94462583
95605254
93179767
95049770
98652127
94399975
96065734
95516093
94407943
97229896
97629592
95418569
98660923
94318506
95010733
93438821
95702303
94363371
94665548
96776121
94021861
96980958
98429210
95288493
97584163
96842102
97579104
94039112
98023981
95832314
96971661
94325674
97851855
94152852
95310566
97108860
94220922
97946690
95315333
95496636
96018376
98471524
94764360
98043176
96478243
95848504
93639336
96375133
94193319
95143393
94763539
96575538
96917133
95159073
96768976
96210703
94843951
94943950
96386272
98900062
95762819
95924063
94828478
96481587
95719329
95514492
94973131
95187758
97135569
93880156
97111190
97143933
95264570
95501039
98648195
96557704
95659861
96748653
95848329
95072239
96457017
104987440
96162456
97452696
95841852
94428895
94485394
97043216
96705838
96029821
95685107
99143100
96402803
95640771
98255777
94004359
93454025
95921356
101143392
97524072
97751343
166521031
119247235
112456948
99523233
99762998
103239950
103382383
103730018
98143140
95278999
95585357
96703365
95931476
95732419
94116411
94131558
96891349
108382099
105428556
105759441
102411670
101062537
105458496
106747016
99362274
95546174
94857589
94790975
94688142
95980778
97556818
95642194
95634546
96115765
96285136
95679380
98311475
95432088
95868196
97111778
95344621
96738417
95080707
96967216
96416999
94758235
95923473
94700349
94661123
96346228
95284189
96814991
96098155
97212421
94583817
96081384
95136413
97044459
95517715
97615126
96081067
96633422
95074284
96978195
97134248
96290752
95705895
95386761
95516788
95831561
99012648
95423685
95673683
95114520
94651466
97399098
95231326
96870300
95365003
95913272
93837399
95502696
97374163
94907498
95576049
96065043
95322067
95360394
94869492
95564105
96193434
96239636
93945936
94548645
95977858
94833840
96268303
95924925
96838770
97991579
96158946
97743091
95957119
97510605
98000900
96476202
95944405
95141753
96579511
97193612
94995027
95582070
97454997
95477545
99177613
95254559
97907010
95030626
96436975
97558900
94625901
94457742
94285233
95424125
99080693
93546744
99270285
96108674
94436099
94744916
95903145
95359054
96253318
96178892
96084769
95436818
96450975
96888124
95214321
97483952
95885986
96724907
98006452
95277695
95836504
95949506
96861367
97369921
95506089
94939648
96157016
98613703
96411631
94986066
96930841
96970060
95813109
95672548
97117321
95453703
95649084
95739396
97120807
95496116
95206188
97190374
95146980
96171710
97074397
96538692
95086748
96236370
96972383
94635941
96330033
94940633
95229065
95168887
94546996
99371984
97543260
96173841
96870344
95875036
97423595
96871566
96485008
96086896
96745479
95812110
95802373
96219334
95348073
98655019
96271075
95191951
95615886
95259289
94953502
96675604
95669286
96604042
95924695
98053564
96956871
96955931
96591866
96540441
97119646
95486165
96248464
96756316
94926977
95320782
97761609
95894588
98063166
96436785
94794385
97370582
96717121
97470168
96002147
96077341
95817710
97352407
94981610
97671846
97222258
101724322
95721021
96830440
102657068
96309928
96404141
95588954
95921376
98151906
97117369
95353198
95728742
95576205
99156460
95384455
95659471
97701970
97834298
95727359
97573644
95712305
96652846
96972295
95853456
110078718
96786165
96756355
97107555
96535419
95595636
95673257
97097011
97038724
97532718
97247586
95688973
97445336
98307297
96615008
96607442
95490843
97165932
95633296
95956211
97989930
99438760
97076809
96520979
96620630
99070025
97603139
97168426
97163893
95164311
96656568
97611393
96872217
97216474
97927563
99340062
97558726
97036104
96371835
97299046
97327954
96271434
97425367
97693586
98495525
100080570
98663017
96731522
96956042
97475763
97341116
97503624
98320842
98732953
98376733
96699157
98050848
98986501
97225751
98442908
95829452
98523964
98223821
96782006
96941689
96432661
96550043
98637010
95888088
99245586
96925255
95214372
96906372
103147761
95555717
98644095
98044085
95245249
97422315
97090080
97614585
96234733
98843601
96582449
97799352
100856124
97143797
99878749
99236334
97030876
96562802
97357210
97730112
97150949
97704337
97392130
96293391
96562482
95915482
97226289
95746114
96973557
95751449
98724373
96958655
95986040
96566125
97036366
96067485
95634956
95839488
98178006
96719653
97103623
97988107
97551671
97197538
97890503
98169084
97104547
96796027
97636638
96164529
96763254
96602720
95746397
95479905
98698601
98917157
99285095
96529142
95706675
98095248
97555632
96996906
98145699
97062094
96444668
97050857
97497673
98698560
97358026
96780774
97824263
97724842
95940511
97665958
97826382
96225339
97554951
96763582
96602276
97466029
99178348
99343970
96989316
96942134
96800275
99130346
97440495
98232331
97853777
97720432
101938066
97779521
97634354
99488196
96928876
97619572
97317244
97487509
96952474
98344630
95954432
96962817
96459322
97714028
96297405
97191302
99237823
97619679
99000089
97585476
97059705
96971655
98915759
98216746
98046113
97302705
98792951
96943988
96403876
97846599
96932022
96449028
98365439
98888052
97893458
97749225
97655523
97315804
99592392
98481351
97744356
98010561
99252120
97123149
100987382
97790825
98980088
98212349
96912689
99791634
97176850
97841048
97443403
97761233
97979409
98704362
98028818
97236722
97328163
98373174
97560156
98478801
96838481
97994644
97487332
97573959
97337321
96578197
97369045
97776280
98892481
98801998
97572844
98099727
97345765
96971700
98548869
98021757
97528439
97739719
97909403
96865222
98690832
98159364
103487637
100777926
97418226
99230107
98875002
98554462
97808354
99743988
98369521
98468813
98708752
97386295
99062708
96439485
97737181
97585951
99926741
97684132
98234107
97465850
99977712
97259829
99938906
98762902
97341409
97201381
96367625
98833425
97913391
97864201
97952494
96666257
99057594
97831319
99525297
97471457
98582955
98616139
100032625
98067886
100632067
98707516
98449966
98499643
99829129
99031871
98062530
97675726
97790227
98590032
98439858
97024315
102818610
99574848
97818393
100267112
101970641
97644283
97874055
97448106
103474590
98431324
98500451
98469649
97821881
98200691
98138217
99028518
99306675
98265521
97526784
100072112
97799702
97818773
99539610
98549426
97602025
97116727
96738716
97631971
98614515
98920681
99824415
98607685
97990517
97338150
97189053
97267461
97767558
98826650
98112058
98346966
98613992
99789376
99980908
98381915
98842093
98799099
98611302
97877259
97217513
97540940
96318257
97690368
98429780
97487276
97761421
98687943
97560318
100434749
98500677
98685532
98723914
101076586
98834109
100173025
97740228
98487139
98821699
99349688
99122237
99090895
97783392
96730799
97878764
97331760
98953647
98281659
99184594
99639733
100662042
100781777
96895721
98017642
98056565
97854287
98905219
98937033
99918183
98511688
98873330
99779543
97761193
97785750
98501818
98118434
97049076
98227498
99959010
100650859
100319969
99479824
98279832
97618549
98606050
97811455
99252617
98391144
99144017
100929416
98841322
98978903
98549992
99854018
100610657
98784960
98808432
98023302
97893434
98864781
97336650
99025444
98119193
99377401
96773656
98671471
99477812
98605298
100904772
99995735
100938816
98676453
97862722
97647001
99521883
99252891
98345416
99085280
98396261
99167288
98867710
99196242
99775955
99132884
97553451
98406895
98112415
100873997
98299375
100102821
101006435
99700347
98816608
97540786
98319120
98156349
97310049
98887746
99025095
97631739
98620195
98481810
100516975
99067774
98318273
98604428
99769821
101930176
99961360
99533635
98679322
99486185
100131488
100444151
98201630
99536677
98180714
98910340
99201056
100415961
98798427
99802925
98498273
98515883
99398704
99312221
98229630
97995071
99894054
100192311
100703516
100164086
97812895
97712920
98789889
99622464
98104175
99716853
100337025
108237374
98041386
101255113
100632300
100504620
98425130
100112920
99803372
99151997
100438141
99797093
101096194
99783571
99023557
100214672
98885414
100865869
98806755
98155276
101146237
99105593
99369864
97574981
98089237
98764461
98001509
98736206
98001365
98718913
100420517
98668744
100787012
98345573
98329380
99444454
98644596
99314405
99641664
99101376
100004987
99666556
99544294
98516421
101136470
100005302
100520081
99896773
98895464
98694908
98642601
98807630
99158739
106561935
98405088
98590299
97588256
98096216
97970546
99272830
98951935
100888866
100706301
97994821
99427850
99038488
100125238
100484096
101782450
98496895
99394996
100782104
99689380
98741734
99297628
98852909
97544252
98865657
99852377
100997823
100274084
98992452
97779711
98671569
100436092
99027821
99711767
101331794
98014385
100768238
100781750
99773916
98396852
97513238
99558649
100315435
99904347
98495356
99702492
100929977
99654134
101882032
99827181
99606750
98954571
99711830
100178707
99306273
99301659
99322956
100686117
98624986
98933889
99844705
99395318
99087901
100266060
101594464
101160871
100288075
100301933
100583909
100238324
100077350
100871486
100497576
100242014
100138229
101999196
100426961
99396790
98511699
98748642
99720851
110236468
99480168
98984636
98869208
101112862
100524905
98664476
99675257
101766521
99988452
99725865
99020503
98443905
101222702
100753977
99678510
101065775
100040016
98794925
100495534
102023890
100516707
99878629
98785745
100224704
100369501
99087860
100936297
99838232
102572734
100329356
101182773
100729555
100181569
100270530
99327668
100960841
99809346
99966475
99155371
100882579
100748051
100499223
99333658
100132861
102714480
100378958
101482209
101346125
101254606
99389914
100200261
100548020
102626106
98411064
99809428
100327417
100504430
101708486
99819465
99448396
99583971
100884301
99222331
98331704
99857750
101084067
99516492
100886464
98635823
100977185
100957742
101617465
101581677
98104020
100260769
100438567
99019794
100978362
99909573
100116098
101534484
101589792
100184456
98686465
99371872
101365722
98918237
98682733
99040256
98488156
100816574
100357265
100893187
101231475
101094898
100070944
102291395
100353017
99768038
101102208
100651552
101686236
101998836
100086030
99405209
102755927
101092485
100790670
102119979
99903807
99625135
100836777
103054766
100329916
99753415
103985737
101932414
99490030
101745250
100587959
100872438
101044903
101717900
99828023
99265090
98659401
99928613
100534961
99824537
99980164
100283268
99686021
99815087
100821696
101406332
100609693
100893109
100719385
105521184
100135821
100668359
99965979
100305777
101057913
101922891
101515835
100941671
101584122
109231387
102218142
103301866
101114160
99722055
101013971
100031048
100599719
104135240
99807913
99670696
99806403
99760949
98792812
99144846
101740642
99698348
99389639
99804806
100900038
101406043
101221632
101812882
101334372
101665464
100230894
99348376
100328400
101046983
101231590
100242937
100369505
100591610
100236926
99576316
100077440
102130930
100641996
99970127
101649397
98859104
100625331
100238241
102179912
102927727
105197339
100224356
99322466
99076803
102328272
102687454
100128735
100099724
101083842
101909170
100753821
102360296
100951770
99436962
101036764
100769759
100245946
100720112
99654247
99599239
100807235
100203400
99409129
100170408
101006183
101686455
101453502
101814382
100748838
100766010
113059545
101740708
101294473
100847002
100290290
102705391
101340800
101064304
100290670
105342396
99836991
101695486
100534732
101640137
102241697
102872378
101026183
99951968
100637109
102215676
100893449
101856670
100625526
99781592
100368684
100219134
102114939
100982085
100970150
99291811
100671576
100264419
101380237
102100137
101930869
102201540
101416872
100951371
101255700
101092764
100191551
101549444
101267471
100644368
103966003
101340488
102686303
101368757
99596179
101113172
100756040
102080801
102771056
101908433
101994630
101317462
101160270
99781810
101389154
100372101
119178523
102147652
101875259
100918062
102056049
102627962
101465139
101848653
102058690
101245792
101693829
104060912
102623324
100652443
101384191
101270544
100480143
101845428
102538570
100524235
100180305
102594922
102024094
101336532
102354622
102237243
104605535
101103416
102010667
100660876
101551772
101087945
103045719
101255616
100673757
99699227
101758942
102606131
102733210
102445460
103489720
101659721
102460000
101474542
102727528
101066060
102570066
101515343
102838842
101598607
102352417
101081848
100947906
101879981
100977164
100953703
101549401
102189346
100158149
101982769
101183948
103022224
100282911
99613531
105251800
102342358
102880501
103849903
100647016
101238754
101768035
101666148
102458993
105637556
102311752
103285204
101182479
101689577
100183339
104942753
101969957
101597719
101763857
103584209
101569988
99949748
100738012
101693286
100892951
102205466
102327425
100704487
101167247
102059735
100361637
101032401
100675499
101983076
101777470
103551716
102548768
101813152
103089998
101296482
101928007
101128897
102750093
103489984
102513030
101988505
101961134
102522597
102070141
102197222
102584386
102162526
103780290
102125074
104356738
102046397
104187923
102026571
103954325
103313262
103131232
102892022
101843743
101441549
100474364
102308444
101524444
102626078
104619358
100120055
103428375
101480444
102418127
105032523
101917426
102384779
103183313
101072504
104359090
102074153
104945279
101461899
103231684
103410442
103122521
101979397
101688919
103852914
101714014
102670938
103977346
101649942
104038282
103415371
101450057
102287460
101231325
101313865
101970563
103535136
102683024
102516037
102074465
102223806
101458129
103232441
102065992
101657872
101998221
102215187
101217334
101792829
103687495
101317614
101764774
102766337
105776790
102965577
103362146
101504690
103634752
101050543
101627804
101470086
101497546
102574609
105995045
102450187
103587842
103118872
103635400
101985730
102681897
107242882
102696146
104599573
102219994
101686067
103207567
102902245
102665734
103510218
108579972
101109292
103430976
102816420
102912676
102356718
102010208
102110378
103096346
102867030
103517697
102962219
103448614
102432232
104878778
113650557
112270785
113382894
112874370
124324619
149297845
135076415
148602784
173893597
154339231
142418995
123578809
164006008
155453846
143047876
115787532
115266852
111628574
111636371
109642062
103792696
102920102
110778444
104124074
101603290
103611399
103197260
103335184
101921067
102677869
103251832
116334385
106789097
110241145
107851762
111946710
112799278
112405132
103276890
102623199
102170866
103449160
103493289
104045748
102754268
104476600
103875624
104737824
102354046
102433462
102836650
102752355
102543356
101864459
104622877
103161736
102735054
102112412
102126886
101763839
102798032
103945083
103215870
104969984
104656584
104657251
103846356
102540218
102365880
102461863
101490747
102099107
104364171
103607510
105829616
103030297
104269701
102979867
103476508
103598564
104727252
102522328
101791889
105588898
104084730
105461688
103624019
103309952
105553001
102206434
104162284
102974889
103686321
102991289
101897232
102955980
107334197
104745602
102526407
102643517
102233862
102534445
101304834
104328799
103124989
103881239
103138771
102043460
106675497
108630657
105219979
103924649
103497361
102709420
103211879
102225876
103646066
103190028
104853015
103033617
102539860
102688939
104305499
102029164
102334689
102697073
103171909
102880163
102411331
102263974
101734687
101678987
101690149
101852164
102871714
103391551
102851361
105171442
102659990
103277767
102295713
106280245
102864327
103223855
103605370
102807682
103415238
102550704
104082998
102916758
102773701
103167897
103091425
103352731
101892229
102200531
102359197
103007072
105610681
103913194
103988868
102269106
103119952
104143865
102964453
104171933
103270267
103101722
102716846
106686938
102332161
104802240
103225562
103454239
104577971
103556270
103015930
103754507
103403052
103222272
102505017
103980291
104188593
106458127
103454029
104045647
103280987
102322909
102377788
102097902
103175754
108321628
105777595
103681545
102845931
101894360
102390051
103581268
103573797
105475308
103947810
102126887
105075987
104134294
105055133
104946327
104946569
103204635
104484323
103425660
104044053
102759364
104049918
104279804
102972285
102899431
103305795
103864301
103789509
104511171
103774653
104398547
103702097
105180889
103333374
102707862
103495814
103816676
105241040
103393389
105459752
104032653
104226967
105552295
103889096
109274901
102479043
102247672
105680894
102757374
103968625
104209782
105157413
105221283
104329619
102999741
105220509
103769121
102789092
103562342
105302197
103872621
104303783
102973062
105901735
106014713
104671836
103509933
103940254
110019230
103789312
104823755
105458916
105766064
104049075
104138317
105062450
104295021
103730903
104077041
104689199
104479246
106414369
103777583
103926076
103893816
104133554
104143339
104663715
104373253
106758659
105896572
105876258
105952265
107035074
104206120
102849671
104254582
104027390
104046292
104391499
104982288
103286717
102802313
103493449
104391257
102939965
104710052
105026616
106544083
103024045
104715479
103082772
105549329
103573673
104589589
102635436
104028999
103709301
102585289
102102988
105736786
104469716
105354515
104217120
104306206
103825350
104176837
105012034
106035334
105536004
106879892
103516508
105289571
104605365
105134723
105037843
103727870
104474684
104456696
103205847
105194134
103253368
105782861
104171421
104614241
104322921
103078314
104270238
102968702
104648872
104818606
103159037
104053874
103562014
103373406
105612836
103467344
104985198
102275988
104238269
105735761
104799151
106170145
103699012
105749343
106138129
106611384
104481855
102942493
103627977
106378833
103701643
103684354
102955504
105582579
105628640
104013917
107782032
104060130
104984510
102935731
105427633
103790714
104985885
104679150
106025478
106592950
103841207
107276091
104164432
107283210
104497780
105635741
104770742
106101179
104884367
107221024
104151182
106796949
104363358
106468289
104430306
104774312
103937042
105054295
105318693
107073342
103883071
105473686
105442381
103010324
105978820
103797488
105979138
105201606
103911094
103818330
106204714
103691923
105720112
105342927
105522729
105101939
107177939
107412393
105698278
106686426
107351216
106021837
104462892
104525666
106382356
104890214
105672585
104537780
105008058
104230928
104124674
104154579
104632040
104906884
105304990
104894654
106207840
104148166
114032191
104567216
106777994
106805227
104633305
102666868
104849340
106208969
104946411
104960240
105024858
106749707
104636680
104231409
106438357
104333036
103674853
104336321
107775497
104775358
106282214
104765562
106731662
104328719
106375128
103995327
104674998
104819308
104643432
104985449
104499698
104095629
104108958
105376420
106067766
105245118
105116457
105718811
104814390
105833179
105368408
105557455
106026582
106598488
104320418
105479996
104095681
103470044
103489992
103408670
104196078
105915955
105834415
105163389
103657896
104235611
104064488
103691909
103523180
106667424
105284428
106244707
108016606
107885882
103941315
104073485
106010359
104767967
104816535
105131256
107181630
104552777
107975649
104433492
106404256
104668187
105648685
105226506
107647710
104597231
105152204
105448512
105202355
104098158
106153885
103719046
104747329
105429246
106664113
106480556
105982505
105343693
104907378
108657717
107459968
104514320
104386233
104595248
106041161
104871250
106711684
103805980
104510535
105347439
106009256
105925002
106375981
107100611
109482599
107887575
104640249
105054235
104837921
105602984
104974342
106811561
105345050
107087466
105911794
106002050
106528037
105929217
104605346
106185412
104468197
104510868
104870313
106485202
106809664
105982470
105646279
106668644
113594812
106204734
109949590
104713887
105684620
105413862
105382496
104917731
107019625
107125248
108434467
105209984
104700252
104995618
107605996
106366740
104561014
104794602
106993539
106065509
104174779
104301958
103829499
105402988
105164006
107593339
105024290
108605876
104808387
106925021
105938548
105202410
106187166
105748001
106821951
106114025
105890108
105098223
105160070
105458415
105274068
104866440
107319315
105673156
106920502
105610976
106179453
106421012
107090624
107161453
108416176
105017941
105457875
107780836
106632042
106091820
105760820
106238430
105926148
106491154
108050494
105682559
110540308
105615829
106854145
105195686
104932904
106661783
105842365
104284828
108046428
105741276
106558477
106450350
106882968
106418486
106470799
105848704
106828115
105260896
104640682
106655950
107897497
104709690
105748545
105719067
105341624
106838053
105641033
103904782
105258236
105496703
107107133
104746359
105050408
106057710
105454640
105188194
105323638
105017984
106008819
105841878
106160209
108252434
105839386
106005480
105607966
105861619
106163554
105220799
105186330
104741362
106366248
105260940
107194341
105768693
106880385
106194083
106397612
106639989
107046370
105729192
106596760
108549754
104831963
107771817
105916519
107109878
105711330
106031091
104997062
106283132
106226909
105686485
105924501
107114953
107471567
107205026
105815838
105726700
106117389
104975031
106639152
107117055
107738371
107232289
109656987
106945486
106029225
104819313
105929177
106262473
104784863
107862643
104901879
106052841
106482687
105705436
104941643
106442212
107725888
105546710
105190487
105933102
105895098
107831670
106611839
107061474
107183870
106368310
105269178
106902085
104826668
109487899
105851541
105961156
106176107
105481989
105560391
106311254
105207148
106507894
107327222
107354765
105069489
106909894
107717191
105988668
106648327
105925633
106080553
106530368
108472295
107007163
105647939
106694435
106058889
105694939
106698299
105531819
106397565
106770661
106098014
105836896
105549607
106566483
107191538
107059716
106593395
108003607
105196973
107632682
106686460
105770153
107187932
107891908
106011261
108300990
105619399
106896757
106787621
105210713
105682150
107179053
106085543
106102208
106167587
106974228
106183576
105100389
105396228
104785254
105709824
106965782
106113635
108239367
106548679
106218632
108941769
106188129
106904401
107962227
105474107
105760014
106725170
105895368
105303680
106228168
109658199
107100412
107299152
105482122
108872998
107480124
106680196
106500490
107380175
107650826
108570942
107613455
105994234
109065412
107358938
109438029
106851681
106569174
105954610
107968951
106858663
108250914
105691715
106827609
107898735
105227521
107073750
106915197
108467791
106534540
106915882
106704349
106670176
106445810
106939220
108950710
107284251
106661284
106908213
107347089
106950950
106407344
106796955
105606389
105940142
108859333
106772067
107135211
105980826
105019397
106502216
111438218
107468566
107706736
106340173
106852456
106380806
107352942
106208980
108090207
106984536
108416556
108425467
108559438
106957102
106892960
108346100
106710228
107605019
108567701
107512150
107586605
109012409
109897681
107999511
108641393
106855413
106798195
107179702
106573101
107488114
108471712
109138427
107923542
108711858
107020285
108624443
107339495
107045359
106235754
107557797
108055353
106794502
106354943
106962497
105633763
107925977
107565370
108725125
108725387
108282033
108399926
108322089
108196064
107752002
107219901
107634316
108856297
108211084
107030725
109008356
106538232
106393641
108842169
109732272
107159271
109081795
106975095
107835494
108088202
109146026
105676440
108112592
107498735
108393184
108868611
107248489
106573873
109228772
109042913
107200744
107778922
108018442
106829834
108629622
106344248
109109623
106891408
105217086
106633397
107353671
106569662
106599857
108296580
106954524
107988522
107144407
107413408
107690588
110890845
107231010
108182684
107879693
107501566
108421487
107159243
108217328
106755242
106994587
108546320
108048853
106745566
113119771
107148399
107102499
107198449
107783113
108208607
107879552
107180762
109240932
107058188
106768896
106576496
107061710
109480424
108254389
108658368
108758703
107291391
107968218
108265003
105781167
107734974
108673134
106996256
107568182
108370416
106924665
106613617
107580490
107191995
107765895
109122808
107820384
110121345
107419297
106530750
106656451
111055326
107982538
107061879
108163774
108767003
112107334
106807042
106343632
108993582
108634838
106939393
108115440
107601311
106872395
108944708
108653881
106983951
107974020
109112793
109019538
108361464
107306444
110111466
107525204
108975498
108171588
109759826
111639942
108208811
107628431
108447657
108138735
107681708
108444762
107950930
108879956
107387454
107987984
108024160
108076174
106512281
107091585
109819492
108444127
108988268
108473877
108699370
107525050
107660887
108018645
108061995
107635387
108337107
107265076
109542204
106765106
108414130
108671222
110051924
107625411
107175769
107036791
108403780
109189657
109428095
108217139
107153289
106843969
108803184
108151875
109802656
108923879
106873079
109608828
109081898
107560617
109474595
107450567
112876231
109001272
109241087
108382171
107974874
108237724
107288131
108082044
107375799
112373995
108067767
108027957
108002051
109499484
107677425
107732314
108295074
110110045
107017482
108821260
108020296
110079346
108142661
107964757
109028447
109589448
108305553
108599364
107448520
108335037
109697609
108986482
107531901
109452255
107735337
108615756
107526077
108385822
108494462
109387927
107064669
109468437
109349418
107866120
107185611
108576196
107578299
108482924
107077206
107477697
109631231
108344948
107927516
110217441
108047521
108591981
107594407
108346789
109904927
107993404
109891422
109413015
108986445
109307217
107815483
111258729
109953384
107128005
108390289
108586958
109558328
108325226
109882867
109046535
107417295
107678115
109081597
108278310
109010424
108970081
106921191
107365684
108983326
108945440
108720540
108541116
108190921
109215083
109478014
111105055
108572898
108157360
108887565
107801282
109041266
107372701
108857074
109002813
109310950
107899376
109243412
108602486
108110543
108805532
108811233
108152351
108968325
108857573
109107954
109141427
110635583
110238384
108962950
109577181
107258442
109450399
107371314
108346352
108675432
107570126
108827331
109829217
107806985
111423547
108266711
107777149
108349588
109318743
109263689
108225558
109204899
109037337
108977279
110652263
109483346
110034830
107870977
108736193
109706585
108283081
108597198
110029139
109079767
110027877
107986552
107841707
109534788
108898308
109270270
110449201
109771917
109753643
110037701
108591451
112851527
110724657
109961946
108598313
107668223
108670798
109721902
108270846
110859852
110632250
109838441
109412842
110576893
111680370
108996982
109726079
108426992
109142066
109500002
109971904
108395100
109141287
108759115
110324487
111993521
109475329
110382773
108954480
110304739
107872400
109732990
109453469
110951973
109346734
112114752
111500308
110570863
108501347
109089256
112187809
110635851
108674901
109400682
110124714
110433089
111672743
110812426
109208285
109033161
108484857
108997128
110769886
112110868
110308822
109053306
109871893
110332962
110869910
111368268
110246868
108934666
108964717
109783703
110992785
108902073
111179711
109906578
110681455
109820108
110516842
109429611
110580837
109257428
109543853
111227238
108242364
109086151
111723126
109872573
109451667
109991554
109698379
109759168
110358384
109423483
108907060
108941882
109480044
110136363
110045373
108725029
108922227
109823383
109406204
108327258
108680645
109388498
108529962
109313598
108854200
109060061
109265941
109576308
109286200
110723079
109147949
112313531
108208300
108454353
110067771
108613993
110376275
111079218
108765242
109303789
112245318
109540343
111812280
110523825
111025683
111276944
109339024
111241249
111461711
109471991
110044020
109134432
108349362
111296069
108310904
109153386
109390663
108899996
109619568
110437775
109617754
110192088
110957733
110034441
110071405
111337514
110997943
110032073
109480493
109583495
109934810
109452041
110124179
109417841
111320728
109738634
110891265
109999111
109667636
110603378
111396986
109387046
111012486
110180993
111208396
109797284
110126057
110159342
110111707
110292365
110817941
108882174
110238629
110143915
109956744
111214590
110914369
110711022
110888804
109968482
110663915
110558310
110191001
110115054
110790535
112120105
109848186
109714450
109686491
111110443
109821756
109676544
111300511
110267815
112739831
110701774
110257816
111598575
110639521
109514128
109453382
111279114
115247365
110714385
112232130
109822781
109243781
114051810
109882317
111093231
110944809
109316202
110435230
111145130
111329890
109717606
109618216
109027987
110763430
109832589
110798553
110494105
109661233
112848636
110934419
109921102
109406490
109679072
110925885
109432638
110551655
110541023
113099186
110266820
111244110
109721435
110636566
110623632
110150869
110875958
110060037
110099043
109479956
113187272
109556803
110161482
111489558
111765472
109884325
111456794
109426851
111139093
110482464
109792794
112007386
111124720
110333302
110947454
112282175
110970843
110541934
111015793
109937379
110632839
111290457
111345505
110737643
110222803
110469832
111028954
111190972
109842912
112492990
109680275
110189347
110071987
113251176
111319271
118352188
110007169
110931858
112112634
110900605
110348079
111991285
110443463
110140286
110559632
111393002
109405984
109496177
110080963
109976415
109476038
109658376
112244184
110418831
110304428
110717086
109831702
111595248
111449675
110998457
112020567
110495809
109334486
110016023
111082205
111025297
112014371
113178065
112106205
109797401
109851421
109375599
112629493
109628862
110126508
109230574
109903116
110863407
111161157
110643907
111099232
111899327
110425082
112921965
109401265
109878707
110090793
112152328
112110144
109244563
109282145
109837361
111112393
111238789
111259958
109543959
109760357
112171207
110803265
111958397
111423110
110978432
112615520
112972689
112032414
110883811
110923700
110024430
109991134
108691606
109527188
110066794
111194016
109984650
111006205
111595229
111309617
110256421
110043062
110172041
111006449
111416284
111589996
111917086
113117280
113554411
113110014
110307115
114411691
110805534
110884818
111702294
112803443
111626617
113866555
111089818
111458451
110866571
109872677
110948008
110706489
110226388
110049078
110042796
111009014
112413078
113780003
111032676
111433762
110180329
114315328
115055433
110873733
110540155
110870021
111490111
109987453
111589668
112405941
112083078
111218345
111248385
111397767
112048211
111295974
109985312
109581064
114125464
112386212
111900462
112600456
111000241
110704478
110184687
111270186
110054777
110396352
110383337
111841720
110110061
110985557
110185333
109982896
112866251
111685435
112688677
111680399
111775847
112369976
111074519
111135947
110547038
109938237
113107239
110254448
112497161
111260462
111431197
109590059
110161220
109847546
113300735
111641589
113709801
111075437
109979898
110796097
111597247
113747472
113798681
113642851
110778808
112445090
112083189
113175815
112890524
111063722
111261758
111728406
114046310
111884742
112113332
110654692
111283990
111143548
110817407
112532683
111779845
112063104
111536299
111274866
112134131
113100225
109678173
110948993
110230819
111921920
111587186
111542280
111348288
110355061
112178136
112812017
111669530
112527685
113124960
111704260
112254890
111658176
110823817
111223663
111248844
111711414
111480936
111960213
111410049
113879764
111626876
110931273
112117286
112111342
111546423
111480170
111913039
112007259
112802334
112424200
112168821
110655182
111009580
111148205
110364418
110097473
111068078
109466530
111315770
111831836
111596098
110811116
113400144
111837221
112439330
111061649
112294053
110921321
111239825
111497222
111760007
114229126
111787183
115141283
112456988
112817592
112287977
114090550
112491243
113293740
110610411
110011381
110384010
112436188
111407127
111127013
110593695
110878677
114598945
112045546
112715299
113361851
112099596
111967499
113407976
115630030
117521155
113311342
112601647
120610446
121326002
111591037
111526077
112342623
112449190
112657319
113111851
111435463
111461315
114037056
112500872
111649466
110407245
110578564
113460389
112227077
111759150
112459519
111028328
111634654
111456024
111628609
112961422
113201349
111533474
112081832
110680122
113241741
115142840
112748660
113162549
112216357
114493275
112477414
113054725
111428408
111927297
112219567
112951117
111668011
112925802
113930385
111697578
115201879
111667333
113265477
113637510
111061647
112917981
112862973
110627152
112918764
112170405
112269034
112819931
114893461
112968873
111315882
112335189
112415285
114011712
112357421
112863285
112321034
112237943
113641884
111919416
112309760
112881935
112526488
110804316
112071999
111704976
112293292
111568585
111411521
112729631
112569577
111474558
111541833
113778720
113726851
116160340
113760781
112296977
110983572
112210124
111485987
112741741
113962679
114763013
113076256
111172597
113707308
112463436
113821975
112898240
112074631
114093670
116607482
112538640
114592576
112850404
112045404
112737833
113049552
112151959
112891392
113486631
114481736
111837541
111473922
112546067
112980656
115090542
113555132
113572071
113139226
113861502
113225238
111821997
112792193
113132902
114190308
114111335
112592447
112130636
112138765
112316338
113362868
113504559
113159644
112971338
111661206
110622901
113301875
111988833
112547216
112013696
113410332
111922667
113923572
116777725
114941141
115015380
112004844
111136940
115007214
112182491
114660317
112514793
112556620
113011670
113132911
113151236
112326734
113558408
114064501
114936259
114272170
113692546
113468079
112515891
115570963
112535632
112157692
111800184
112455466
115775249
115165415
118446008
113261922
113572168
115230276
113907484
113062861
114048149
112947506
114967141
111922162
112660393
112955148
113719360
111921297
112636111
112638799
113223543
114573461
112736896
114923180
111837872
113581475
113220267
114178110
113271180
112921997
114026341
113487780
114413815
112906412
113217814
113508460
113351158
115016638
114316361
113060767
112870865
113604812
113340165
111715239
113278746
112538204
111497219
112796091
112991482
110744504
111981804
113257865
112080821
113227473
113297160
115328163
111831577
114915546
111748171
112910430
113220807
112866629
113253731
111332413
112684665
113559562
112905950
114904754
114684066
113276045
113988793
113106975
114184659
113415391
115084684
114188980
111865919
115121265
113395736
114810608
114375700
113553914
113179642
114883726
112994524
113659640
112321564
113103356
113177149
113871687
114542661
113710691
112310183
114462475
113227027
111362142
114180362
113069778
111943536
112196320
112680045
113598580
112472660
114325021
113508219
114970713
113550708
113002085
113299588
113195634
114687763
113711320
112673083
112847149
112112853
115964728
114008019
114621143
113699139
114297222
113094131
114369314
113056563
112429306
113652393
113313082
113429717
114547416
116490596
113742076
114292303
116248541
114442102
112854801
115559481
114504837
114181440
112958085
113398513
115202055
112045462
114004268
113554298
115346706
115580398
113928225
113567326
112632547
113590340
113327032
113569846
115549383
113910950
116716942
114342793
112852281
115305587
114030960
112808947
114366582
113940250
113312900
113923800
114172839
114801765
115831841
112707187
114253265
113868808
113564255
113757035
114924613
114861353
115528708
118468797
114745345
114176469
113249575
114262788
113388967
114201689
114982762
112933265
112850285
112513597
113102213
114257448
114798286
114830722
114917569
114094769
113342511
115072584
115381094
114718673
115479230
114493240
113889560
113867161
113747512
113769132
115517135
114745496
115238099
113886357
114615103
115576102
117167313
114138218
115116087
114471570
112944273
113636334
113718779
113794245
115274408
114011392
113168724
114630933
112678597
113085145
113469377
113173002
114737236
115034311
113276188
114822701
115638702
119345528
113964359
115362056
116407539
115108659
115178645
114404964
115776166
114157674
116233319
114361161
115517501
114970976
115910744
115467081
115209015
115536900
114919718
115141480
115200619
115454019
114340328
113658633
113526221
112971422
113236185
114052364
113899207
113599884
114974451
115334766
113695073
114422117
116558398
113784121
116288370
116975284
115977088
113525787
114456056
114007788
113764378
117075620
115306389
115082000
114803315
114647311
113577919
113279801
115124742
114795448
114221925
113486090
113735992
113673995
114695787
115569404
114093166
115256412
119162225
117331178
115588372
116331310
115365054
115163267
115070524
114507440
115540672
114628476
114162416
112798539
113477213
115497187
113178758
116832124
114381100
115572328
116192546
114967586
115403706
113433872
113806723
113218655
113739374
116654686
115511672
116092556
113233889
114028792
116143102
113155292
115842669
115226767
115269845
114558474
115095266
113828728
113825207
115790777
113341356
114090427
115229665
112879695
114529458
114838340
115262144
115766976
115693904
115993390
115905372
114349906
114541489
114446596
115083186
114619397
114116326
113890694
114698919
114664748
114128935
114090452
117398376
117808167
114232079
114550492
113983106
114641731
114407124
114871061
115089686
114452816
114644356
116324332
114788065
114490192
118785005
116857250
116881364
115411302
116247014
114557322
115770474
117045445
114298764
115460463
116474504
116150069
115829730
116233298
115126110
114976415
116157166
115125199
115172691
114054863
113964865
115118913
114061301
114371570
115244468
114372709
115696068
116684937
114824261
115094490
114416537
114862477
116037104
115570934
114772722
115065439
115766153
118222868
114929642
114818478
117142879
113442246
115982772
114165601
117497988
116117280
115218322
115065426
114015498
116205145
116300550
115943278
115781819
116055863
118768625
115266726
115309992
115526151
114471563
114407171
118808235
116615252
114915188
115112706
114587729
115085755
114801562
118318172
117736339
115531515
115270835
114786997
116706590
115657060
115310893
115581796
114814788
115594595
118039876
117602489
114848750
114767152
117156853
113909444
115540807
116728944
115039563
115896469
115346951
116549416
114953391
115436576
116286316
116227223
115344173
118007169
115397340
115978176
115540139
114838244
114499115
114117463
117056763
115751172
114657787
117810235
114602681
116686331
116369736
116611402
114863659
114774174
115865700
116989158
116862597
115108527
115250289
116351053
114336721
115049000
116909907
116168309
116586725
115930230
116250502
116189186
114900590
115267820
115268331
116408003
117179661
115543857
115713026
114220388
115254161
114797375
114642973
115812579
115783740
114995371
115211225
115109105
115365449
114865226
117861779
116511282
117138791
116165476
114843214
119977472
117130730
117521571
116577589
116729619
116378210
116300571
115212147
115065886
115806767
116658941
115300445
115984095
116313245
116128667
116205100
117102297
115726317
116839240
116964297
116187514
117059153
115338356
116300641
114649653
115470997
117025630
116716530
115710461
115416258
117017657
117144917
116870350
115445839
117065364
116377638
116212181
115876296
115983291
117296145
116360844
116004630
115563149
116745610
116640064
117772529
116131416
116940930
116872697
116300127
117149430
115873259
115918894
114990936
116109858
116283447
115963973
115866607
115256082
115718115
116967146
114177063
116634166
117796728
115973374
115439403
116462348
118417109
115814964
115841817
116395574
117254451
116841394
125006368
117613706
115709265
115210383
117845131
118349710
116616257
115157823
115743765
116707043
115893844
115995834
116431573
117918362
118507780
115475558
116305929
115385731
116983349
118075352
117290129
117098493
115417694
116705563
116195220
116648015
119877532
118276822
116707269
117075995
116380581
117001779
115625089
116308080
116388931
117901064
114872717
116190749
117696000
116940975
117516442
115311048
116048162
115374876
115461899
115272481
115865414
116834215
117706948
116678174
125199075
115828018
116395681
116367698
116207107
116566380
115331313
117080775
115487234
116774264
115431949
116285991
116174068
117438402
117074469
117493073
116296291
115587284
116081862
116010241
115690791
116444371
117564071
116590966
116205225
116070260
116381976
117878563
115541243
117062419
117524576
115507279
118153265
115893011
119038705
116170727
115663455
117029281
116847582
116912364
117473866
118341547
116496063
115373953
117309720
117028110
117593436
115597020
117324693
115636138
118748418
116719535
117046561
116798557
117731499
115433641
117332596
115999817
119293419
116227557
116753150
117001869
115864172
116834241
117132983
116152086
117698732
116967778
116933467
117042584
117045866
117186021
116793808
117300719
116739509
118701843
116646497
116365758
117679897
115976464
116187129
117427062
117025731
115846823
117698411
116095660
117910789
116055429
117696119
117854986
117584552
118100006
119516509
116323250
116603583
117169630
117604018
118860021
117616399
115844309
115583513
115157449
117518892
117938670
115147408
117745527
116506561
117959534
115930104
117109741
117172575
118197905
116686098
116268335
116629518
117633148
115711449
115809806
116488184
116858320
116519882
116721766
116016013
116051925
116875987
118239021
117500779
117133555
116932522
116321911
118997235
117820081
116814201
117979034
116014639
115067701
117759690
116181490
117502453
116901671
116871439
115579493
115447941
117525747
116858376
118903816
118381697
117841074
117014872
117626953
119573510
115137700
117481803
116494333
116329140
117360090
115693170
118406236
117075613
116784912
117476726
116099144
117060868
118155859
117786122
117169316
115917069
116308201
116795936
118491190
116901421
117472708
116838845
119486801
116142203
116224202
116027636
117930217
117208781
118824283
118964692
119411931
117123918
118403824
118247330
116115669
116931021
119797225
116274235
118981906
118649452
116777318
117382628
118145295
117651620
117318670
117968516
119514404
119066777
118131172
117509968
117001276
118077911
117990553
118788524
117579650
117047062
116437454
117400487
116823665
115577336
117378509
118387949
117537946
118562963
116999327
116089462
119273918
121774691
117443163
118188685
116341345
127341462
117443094
116991527
118312170
117983383
118525839
117170527
116548850
116676093
118218419
117598943
118276470
118849997
117845084
120853103
117919464
117383647
116411323
118716590
117375765
118391825
115920789
116503957
117556823
118626471
116977229
117092159
117626470
116824945
117948916
117731775
116441906
116094088
117378202
117877465
117455422
117704971
117818555
118867101
117374709
119051823
117223107
118202342
117010556
116729203
119366414
117148031
116600939
117163889
117327562
118883481
117424097
117061273
117516107
117277244
118013455
117869084
121414864
118994535
118158216
117560461
116716821
117413025
118702121
118103899
117659860
117526994
117190925
117880722
117678237
119761960
119131348
116980204
119478760
117467514
120162578
119093208
117965586
119358549
118135172
119029912
118186762
116910570
117429963
117783946
117838543
117559277
118115352
117532216
117351629
118346801
118909610
116565502
117902942
116365540
117154975
117459781
118525286
118073857
116665514
117301662
117567437
117728278
118816485
119335732
118316903
119585993
117997900
117844566
116684746
117081954
117658078
118507830
119557246
119540341
120941624
117559303
117222281
119522152
119008162
118038193
121055278
119012557
119749042
117437809
118016547
117419244
117433298
118982589
119711880
117731205
116341139
117867113
116683999
116922225
117391510
117912802
118146581
117889421
118546577
119294708
121046002
118213394
118397501
118263327
118709733
118721102
118742895
117463268
120370846
120992188
119085983
117237372
118221978
118191532
118783761
120725940
118245762
118516283
118887578
117165926
117227437
119694737
120043781
118063607
118362897
118348583
120506502
118113675
119273266
118501050
118050827
118089939
117439021
118390590
118529281
117470812
117148301
118865511
120267133
120240122
119652187
118729232
118520396
117835298
118214074
117956666
119396611
118306156
119522659
117951943
119602711
118334396
118030282
119149446
118794764
118137061
119083197
117147150
116935092
117802949
116762216
117598035
117487459
118189145
118314485
118876415
115974889
117932284
118276757
118892211
117467039
119773383
119418032
120221334
118687396
118779866
119692907
118107693
118188852
120382924
117398463
117400089
119293959
121827606
117389165
117019236
117898660
119088708
120440533
118543921
119792180
119144800
117656241
118080981
118859049
120568864
117008899
117640169
119251891
117531025
119718739
117539650
118458608
119144087
119726645
120054891
118996339
119935680
119239015
121814077
118325095
118767487
117533198
118621205
120472619
120875450
118156801
118733264
119928903
119356027
119530914
117861597
119155664
120525348
120016420
121552983
120071299
119660646
121764076
116393437
118711106
118568556
119523054
119444598
118341852
118885636
119777989
121304756
120265532
119236973
120267731
119440313
119035053
120866235
120037116
118458340
119550104
120254665
118142606
119185478
119070776
118264010
118430877
117299591
117691391
120544726
120557276
119588596
118459017
118356321
118851995
117951019
118350180
121186475
118371538
119298583
118893417
118740908
118923567
119799955
119058972
119944380
120936927
120021346
118502003
116421384
118327504
119174907
118379125
119679103
118334229
118772432
120503236
118744471
121081396
119662251
120833153
119457487
119526006
118456570
119081980
122656126
121890123
119530374
118113661
119366287
121024956
121220651
121490733
121726275
121894018
119010960
120135946
122741319
117030029
118548905
119005072
118191481
118058976
118354418
119030801
118943884
119572071
123452829
126295003
117919656
120261940
123397715
119505991
119736256
118702083
119437098
117710695
118598807
120366245
120153606
119273108
119698450
118447186
121411680
119815185
119782179
119769472
119040070
121248563
122288714
121804245
119484790
120177955
119431478
119361796
119271011
118494428
118791334
118244637
118796280
119431882
118542965
119019009
118862243
118787772
119161330
119255797
122991897
118521006
119146979
119497993
119006184
120660314
120853335
121274412
118439307
118627405
120214597
118279259
119353731
119291379
119743348
120217494
119450430
119180784
120088735
118451862
120692284
120841595
119767790
120230779
118796290
123968542
118768360
122356719
120614781
118320191
117082144
119351931
122888769
118509308
119504383
120106576
119190728
119036807
122519352
120577954
121125603
119967907
120875987
119158849
119306380
122551458
119433024
120018056
119566249
120066696
119283270
121551413
120551933
120003056
120913619
119693345
119931547
120524240
118715661
118944277
119776632
118375063
120418900
12101953