48181771
4140030
4727500
4057103
4032060
6019029
6973104
5004198
5930355
4638415
5232863
2976587
5876165
4961502
2325074
11403551
4145778
5642163
3772605
5052640
6425866
3336622
2083681
3099745
6311327
6736637
4778816
3099335
7742438
8753164
11316108
6819565
3184726
6882787
2268831
3194989
3702815
7593004
4344064
3751668
3277095
3949544
4021387
2831258
3372338
1388654
9623080
1434222
3670793
7937440
13119570
5586331
-88847
1199398
3038576
4995987
703067
1050786
3389991
1674793
2974123
4196274
3075935
4112525
1531928
1224030
2648161
1170251
2119809
2761878
453054
840594
-994
879595
594276
3655194
5058387
1150546
7217
716614
1736373
1762647
2636256
1386190
347958
1302853
738373
745762
1086913
1851321
1554508
960470
304030
2059050
2282379
2213820
4886786
4396612
4199968
4640468
5202895
5334265
6559699
5824438
3999629
4478718
5643394
1881290
1176819
3314042
7000199
5460708
6832292
1821352
1016302
586887
2499549
1726930
2690857
2016354
2076702
1416980
1197346
2200272
879185
1235114
3300906
987154
4878165
1712562
3370286
3079219
6088820
4833417
2687572
2146903
3869901
2263905
4730784
2967144
1117703
1724878
3083734
3973766
2900638
2138692
4228705
6606089
4900744
3070187
5986187
1132071
7205874
4343654
2071366
1323379
4112935
4702457
3028724
3219210
3775479
7329854
3369875
2750384
1488002
15506396
4745564
2625172
2764342
1953133
4440128
3178567
3219621
4555488
1911259
2276631
3927376
4263601
6574888
6038324
4838343
4481592
1246199
3128893
4006608
3233168
5780922
4718058
5904903
4029187
3933944
7166464
4675773
1973660
4111293
845110
4156862
3581709
2924859
2945386
2295516
3640825
4733658
5136799
2107493
2185083
3449518
4248000
4103904
3906028
4922502
4097746
3597719
5349044
5766964
4779226
4096514
4823975
3042681
3980334
3959397
5000092
5021029
4812480
4008250
4958628
4905670
4066135
3981566
4919628
3993471
2966323
5267348
16871000
4791953
5913112
5073988
5033756
4677005
4087482
4938923
5882733
3065672
5942261
3872775
3978281
3955702
5232864
4602288
3993882
4041914
3878933
3163377
1705583
1992544
3586635
4899102
3908080
-159048
1037239
704298
2686752
3185546
1859122
1515918
5105188
3782458
1858711
5016924
1506886
2853017
15962496
4812069
1538907
1286431
4015230
3709794
1849268
1339800
2635435
2846037
5746027
2880112
923522
1339800
1937532
3406412
1965859
1407538
2833311
2945797
2240916
1628403
2430170
2607109
4861333
1504834
5016104
2069313
2948260
4119504
1959702
1804932
1889090
2094355
1234704
1855838
2447822
2253642
1966680
3007787
4200789
4796879
2837827
1173125
2836184
2177282
1783584
1203915
4991061
2213410
3199094
2976997
4828080
1946975
1085681
3174873
3788205
4873238
4756237
4042735
3918343
4064903
3867438
4007019
3929428
3904386
2919112
1010965
1964217
3371928
4881039
3775480
4062029
4027135
3913007
4002913
4232811
4682342
3933944
1917417
934606
2323021
1236756
3181441
7094210
6770712
4753364
12601891
2687572
284736
148029
1500728
1446128
1926038
5010355
6088409
2663351
389010
1781121
2613266
1369769
5553899
2700709
2068903
3107135
2760647
3233989
3810374
2876417
1038881
982228
64692
2059050
1142335
2104208
3925323
1898942
2757363
2222852
3131767
1749510
2175230
2034828
3475381
1508117
2621066
1324610
1100461
4063672
1196936
2940870
1887858
4029597
1918238
3195809
5089999
2017586
1912080
2920754
5121610
5704973
3940923
3954060
3911365
2986849
375463
4270169
3636309
2371464
1423138
1950260
3915059
3259852
2716309
1815195
801183
45396
1036418
4218441
2760237
1001112
3086609
2873954
-4277
983459
145156
734267
1084450
1052018
81523
1321326
2919112
1383316
3466760
2031544
4891712
3081682
1908385
4348580
3757416
1928501
983049
365611
721951
2139103
2789385
1094302
2293052
2791847
2136640
4899923
4791133
-161921
1039291
36365
2094766
2054535
2695373
1037239
365200
1682183
1307779
2664172
2231473
1779479
3147777
1868154
1127145
1695730
1308600
5072757
2593151
1681772
1289305
1547529
1308600
1917827
4720111
2470401
2957291
3460602
8605373
4724216
4163841
740425
1774552
501907
804878
1442433
1934249
3929838
4268937
1778657
1954775
1046681
1062282
3820226
1778247
2451517
5775175
1961754
2800879
2160862
3307474
2701530
1191188
1944102
1992133
1702298
3068135
3640825
1522486
4275505
193187
3393685
1711331
2576729
1007270
1651804
2298800
1896890
2909260
2978639
7848765
3812427
27429441
24423125
2957292
4014408
4832186
3935996
3994292
3896586
4063672
4042734
1821353
-10436
1196525
8474825
6601573
109029
1822174
930091
1222799
1706404
1192009
1320505
2824279
1958059
1022460
136535
2933481
1027797
2603003
1393580
1974480
1108671
2204377
1651804
1046681
1265084
1970785
2183030
1638256
1868153
1060228
1907564
5036629
1837363
2083681
2011428
849626
3075113
3052534
2008965
1972839
3087019
4699584
5157325
1937943
3916702
2873543
3180210
1828742
942817
1072134
3025440
1974891
1015071
1214999
2736016
2871080
184156
1637846
3224136
965396
1990902
141050
4898691
3121914
2882985
2099282
2259389
786404
2633793
2165377
1708867
1946975
17891
243683
1903459
55660
3953239
1956417
1040934
3192936
2964681
1055302
2001986
2011017
2839880
2178514
1921522
1841880
5087125
1580782
3155988
3967197
5223832
4492265
3976639
4025082
3952007
3993061
3942155
3977050
3940102
3993471
1040523
1808626
2740942
2800879
1040523
1079934
2342316
2806216
3606341
1040523
3870312
1788099
1237578
44986
1078703
2912133
2153472
1846395
4895407
2796774
1095945
48270
1287252
3015587
1972838
2138283
3956523
2937996
1790563
1079934
1939175
2045503
999881
3168714
741247
536391
255999
1594739
1689573
5003788
3732373
1258925
93839
728931
336463
2468349
3750847
1927269
1955596
1873490
916953
2551277
1900175
1934248
948564
1765931
1097998
1937122
44986
1988439
1265494
4324359
2051250
968270
7309738
4707795
870563
3290232
3665456
1365253
3733605
1001523
1810679
73723
2308652
2971660
3924091
3008198
2904743
2227778
3975407
1997060
2033597
1185441
2745047
1682593
1083219
2039344
1210893
2754900
2179746
1214588
1251946
2839468
3134230
866458
2282379
2551276
2112829
2029081
2967965
2029492
74134
449358
3594845
953901
4009892
2104619
2212178
8017494
3874007
2957702
1545066
955953
2309064
1924807
1023280
1924807
2999165
2016355
1381263
2796774
3839522
3199094
2829616
2295515
3724984
991259
2238862
3961039
2937586
3068546
2004860
2846037
2005681
1964217
1008091
1971196
2044681
2066440
3091534
1812321
2867385
1402200
1804110
4373623
57321008
4292338
4637594
-115121
120524
1157525
1107029
2077524
1100872
1964628
1083629
2908028
3176925
1683004
1864869
710456
1494981
4682752
3162967
1439149
2691267
2904743
1821764
1270420
1437917
1268778
279810
2284842
532286
2036881
3080040
2075881
1939996
1077471
1782763
2083272
2853016
1061050
2609161
237936
2760647
70028
1911670
1265084
3016407
2297158
1629224
3639593
1046681
1848448
3180209
1955596
1206378
3991008
3735657
1065976
3196631
1739246
3122325
2999575
3382601
2527055
1078703
1910848
2659246
1185851
1908385
1612803
2772552
2656372
1947386
1082807
4096924
6144652
2611624
1903048
1066797
525717
3681057
1898532
1991312
2879290
3176926
1014660
4052177
3001629
3454855
3214283
664477
1905511
579086
1949028
3763984
4786206
3981155
3892891
3984850
3941744
4030008
3947081
4109651
3890838
3961039
3986492
3929428
4026314
3968839
3956934
3970481
3825564
4044377
3947491
4062030
3875238
4012356
3952829
3968429
3991829
3962681
4034934
3978692
3077987
3965144
4036577
3979923
3921629
4142494
3931070
3986492
1763879
98766
391063
978944
189493
2620656
1723235
2272116
2174820
795847
4371570
1921932
3917522
899711
1508528
3620298
733036
2087376
2970428
2115293
2630098
1678898
1224852
2205199
2223263
3869901
2377622
1082808
3018050
2271294
257641
1819711
1017123
4273863
1748278
2853838
1022460
2864512
1056944
46218
1046270
935838
51144
2803753
102049
1213356
4102672
1609519
2453159
2818531
1073365
2896533
1130840
1025333
5034577
1096355
1897301
2882574
4107599
1057765
1910848
1705994
1073365
1069260
1891964
2218746
1861585
894374
1986796
2092303
1859532
3892891
3469223
1121397
2876007
2722057
