6910918
641641
518994
513364
506655
584223
912655
857657
720193
570818
437871
456622
408731
428079
432634
449108
542628
466173
364064
361104
334405
487264
325540
401276
397903
487453
468549
454319
450133
546501
554323
591770
869429
593624
499264
491611
453319
438469
399900
437300
504675
369783
339287
278405
314043
406477
449454
1507333
414002
339721
294240
266578
274370
263274
298213
254948
265962
256380
246086
242341
261747
244204
402111
265480
257069
272945
259383
242095
1360947
291515
254918
249576
262018
256783
274289
282524
237700
239351
257958
245536
243697
260794
241867
360327
356014
379664
401578
390801
370406
354397
345226
351616
341106
341113
398331
356719
386440
367887
329067
313656
340640
360944
353100
388081
330742
322890
333577
270765
255149
244621
329548
329981
321727
252670
261758
247343
247617
228093
234241
230950
261858
248165
244887
238422
1434072
344185
376518
487657
467873
2477553
484925
503842
494898
420370
404809
371577
354665
363072
364903
349462
343004
328509
322120
337314
321504
335041
333655
336810
290336
265127
231179
249239
212369
240754
207308
216531
225702
235129
211342
215562
313957
315540
246045
322236
768071
833538
475610
408496
347463
388342
452572
352056
393691
317521
284770
250606
249819
274850
300725
325997
357900
325066
378830
349000
371250
330803
326300
603430
493945
566899
505005
472707
429554
440004
444906
352773
274823
249870
236151
213562
209809
212594
199369
295484
304296
345426
248181
224240
218076
278878
219678
241361
227402
226200
334164
573935
371038
311289
273997
330338
354383
274449
238603
260895
281727
444576
255628
228177
280219
307367
281017
270380
298887
280648
346141
271640
311735
262628
338341
292122
259547
260116
270318
283179
465312
609157
409078
405791
477799
405390
513269
398319
340563
322230
288199
362586
340734
311280
348992
392992
329874
378608
314836
320739
350663
247663
241759
220787
247562
376167
310968
325032
337300
268528
293202
336552
382691
351186
416710
255113
239825
232599
373658
281479
283375
278065
262795
263583
253641
256372
275403
269613
251037
249239
247111
238306
242988
244600
270645
261366
249831
323759
337030
447190
329224
333159
304178
304397
307683
273791
285405
259089
249917
360035
426588
461323
333459
2695661
272648
388890
2129485
427133
301662
273310
251568
247475
326193
351105
328757
229853
224116
242509
276551
242133
269927
221802
223362
220097
215006
215919
249408
284479
216268
249045
222235
240487
225049
221906
216345
205132
231982
223486
334107
299511
216245
238902
228163
214976
276307
249095
226559
256490
281230
304628
301786
300137
295494
344735
279903
304870
336693
285041
294321
355106
310945
298486
256916
316643
267272
245326
258058
285291
287645
373927
315012
479083
307479
285412
308963
300075
256444
277272
272030
242176
261283
259726
287557
427035
1702491
253095
648290
467289
295432
274350
243389
373180
300990
380349
226325
209800
356796
310757
277658
277592
274007
264622
242029
217739
215137
219005
215234
208549
212053
250208
216897
195184
177551
169482
173950
165510
191737
179562
262516
407416
263440
233790
230186
231656
240223
240355
230233
240714
214368
218719
272953
235978
219834
218025
243522
223137
237034
206269
206517
215142
209706
199379
211425
198987
207079
188711
209097
218698
231532
215010
250925
229388
201814
238716
228601
230733
368364
271630
256248
250712
245658
248885
342420
463799
276108
330057
291283
274703
396518
247043
214700
251177
217758
208384
226552
196785
199431
199770
199186
210208
195490
194361
195179
226966
217646
190596
197613
187139
282914
305340
404953
271888
234810
238805
292413
347415
280944
434351
362786
282026
275054
221735
238235
222191
206223
204619
194141
269393
240966
209911
268858
269523
251809
219459
217628
204760
214654
195015
192499
188780
184865
188461
274436
259607
294876
385861
332435
302242
288947
300015
312824
298338
237429
212727
193472
198572
187540
187401
205493
191690
183648
191340
180591
464343
309312
294737
273640
301546
279458
260954
254268
258528
279501
557295
388018
373314
324915
272218
309203
298109
254690
296471
290869
396048
393926
221834
225327
205504
201651
245019
219560
232641
212165
212018
219611
211853
210555
213447
203368
204576
213228
210068
206506
222723
226327
328869
285991
241667
239765
244180
229508
220197
241926
234921
223783
213684
218862
263913
251869
312716
231976
212137
209275
205198
221187
204964
201790
200382
205933
205424
213235
215325
214453
223383
272341
229679
215684
267968
258225
241690
269876
304022
526510
264644
261472
259161
277406
248277
235422
264302
214830
206800
272908
234457
248687
266779
236229
242300
233766
227650
217982
226811
228322
232088
225967
199995
198225
205873
242982
274561
238688
233590
243063
225973
222423
238547
226135
418293
270740
238447
292234
240189
230415
272185
283579
280178
234709
226736
282147
178922
156849
153226
234106
259551
261652
199021
161485
148026
237167
178873
154270
167632
204728
178676
155027
167030
403008
237765
244776
220859
228334
233622
277312
242009
232674
543911
299138
326527
268253
245912
278907
235521
229969
230283
274784
262015
295923
262660
218178
346969
222947
236611
283555
254621
236256
253418
217944
210363
202983
194429
189787
195875
200223
219682
218306
201022
222943
220886
206161
204902
225476
358761
257536
290015
287709
232287
257647
225547
244159
222631
198555
203163
200500
195935
201428
206737
225782
221427
216733
231188
250869
254059
211719
213568
209745
201255
197049
202885
278999
199937
195278
194081
199312
200787
214491
227082
216181
249231
440265
247630
243278
302689
283989
239991
286719
279906
209151
225140
259918
210838
181636
191640
180265
219605
217777
204359
213441
193735
175852
169045
167508
163058
175035
158434
175809
210951
214801
208239
189888
209057
216554
184071
195558
219383
210024
207126
215141
447732
301994
255845
184973
155975
150228
151948
169829
166893
158677
167212
213179
248460
251802
247498
219212
164076
148093
147883
144069
215072
161298
140301
136338
133638
131467
169746
143816
130032
128277
128515
139426
143220
133615
131468
135391
159215
136160
133571
132244
129946
181688
174565
155970
152173
149319
168889
175308
178438
441836
223024
189482
199084
177041
177810
221237
198014
217441
241831
187482
175392
171587
177454
228429
207804
268936
255231
255608
205318
172057
167830
208889
309428
260828
325013
285121
259853
225331
221886
217095
220878
214374
223373
204746
192360
209824
199650
200424
441479
251108
195437
209455
208149
191784
191711
217059
211567
258670
233755
228837
203252
226471
224923
199659
168890
160302
161301
153787
186380
179316
178396
181277
218731
180110
153524
148886
146591
147135
151655
141168
136842
139179
144225
139564
156563
190384
234084
218879
255361
226884
218580
419069
282628
234501
210560
221069
212529
207918
200955
201940
212234
189079
203615
210335
215128
211746
202426
241275
242127
321522
344060
289562
162140
192014
167224
134925
122907
157456
127775
120365
119779
119009
118173
191936
140359
123570
127268
201924
194639
163605
166960
169053
396033
254840
195318
202034
180774
203481
199139
