358088980
2663101
2718922
3239142
3404860
3260680
3501041
2027702
3382704
2706914
1990378
2589410
2728561
3597991
2064106
3581524
2230834
2648897
2238604
2487649
1927018
3349104
1948995
2356459
2781705
3415086
2671230
2417474
2645066
2506634
2519233
4042606
2110073
2954413
2072534
2834821
2927834
4984043
1885443
2381937
2500024
2432090
1990738
2389005
1818229
2226183
2072568
8608353
4366085
3388765
3075137
2883799
1688683
1970424
4115595
2678306
1858150
1619376
7247388
4363700
1962575
2314019
5111191
3523428
1862812
6508220
7333003
1697936
1906949
1625617
1408298
1593578
2737799
1483925
4175512
1755605
1954988
1801760
1791721
1972518
1219690
1990795
1222636
2865972
1246121
2137981
1347607
4028818
1396986
8425383
1484072
1360884
1438896
1796722
2133146
1999910
1542689
2808860
1576334
1646142
1711925
1070075
1485065
1409942
1865440
1430847
1592396
3859558
1720357
1796684
1031573
1665281
1299466
2366665
1453551
1099356
1561769
1303015
2523312
1454512
2612391
1494202
1315002
1343576
1493578
2702350
1633691
3346467
1311940
1975161
1283076
1300689
1569658
1437902
1523396
1084360
1379670
1438111
1573091
2242988
904650
2196790
1312927
1428502
1454915
2734452
1604765
1499238
4351660
1669812
2024081
18705396
2789879
1902793
2133727
1419799
1486716
1271820
1491306
1383114
1243791
1126034
1363969
1245870
1472554
1104799
1902055
1504431
1192166
1213321
1477957
1363375
1086185
1132198
1384881
1085036
1254471
1077425
1075335
1433143
1080995
1135921
1339770
1177507
1551764
1435009
1029729
836534
866579
826123
1046879
2810833
1721607
1420028
1301916
1273941
1341886
1355222
8490772
3079600
1141969
1100483
1374896
1053586
922629
1362436
1615882
1233056
810991
801465
1097225
1430528
1007177
1401664
1385218
1094595
1426183
963596
1440264
1381605
1245991
1145083
1838072
1318995
4444105
1352185
1779753
1116322
1231045
1132317
1175759
1017452
1219338
1272275
1199894
1238201
1066563
1320047
1266092
1267072
1455781
1151491
1169887
1255609
890746
1482496
868872
1140714
1354638
997395
1348635
1413843
1102082
1498857
1562000
1302222
1240972
6881065
822023
1140490
1045816
769207
2554080
1014475
1262358
1322463
1039619
1060812
1110233
1326543
1961357
971921
958698
753917
898350
1496367
1212231
1116252
1136847
1553464
1260270
1431698
1300790
996951
763228
771411
1030254
4943136
1280194
1363078
1267812
1079348
1412551
1442689
1035302
1012863
1638019
1171419
944286
936292
1290017
939153
1391035
1342323
1786927
1071284
1024783
1361003
1144592
1359520
1761802
3241343
2117245
1469824
1096193
1124818
1525504
1148196
1935284
1052317
2777330
863672
1803151
2565077
1176840
1388598
976316
3985671
974001
1320898
1178763
1036148
5644078
2106541
1321916
995596
1539694
1573830
1547975
1452710
7196936
9019883
1240695
1279388
3830675
1480106
1173746
1586546
1277736
1574636
1493211
1628025
1464363
1719545
1410907
1593220
1433179
2773876
5337800
1385713
1505353
1492917
36283080
1907219
1362177
1188517
1448542
1443591
1349171
1108107
2271176
1279923
1260157
5138256
4707816
953869
1323108
2025519
1519814
1388907
1954573
3956893
953031
2548072
1795458
1584173
1190187
1662120
1677793
1260613
1326707
1134400
1539146
1184426
1016951
1234403
1140012
884259
1148689
4925015
1228696
1395565
1255818
1084960
4046932
1062967
2519722
2166087
856404
2322697
1026162
1253576
1161604
911892
3558078
16028213
1304945
1249486
2357128
1494059
1384144
2785634
1305905
1830078
2995713
1781694
1152719
3675471
4621240
2340452
1652604
2330887
1115200
1117248
1110988
1147341
1050558
924325
870394
1260660
892284
4603153
968618
903332
996974
1043931
906095
870685
1037198
1011345
1013782
1049942
861356
895115
898725
1025327
874508
1387393
1333468
961514
907650
990571
1088833
9285905
989443
1240392
953504
1352638
1361509
1112973
973993
1119173
922811
925265
945717
867894
850483
819851
2926394
1004792
856268
886941
796491
983989
957916
937930
835505
1054267
1016658
986536
989452
987158
929271
1157326
958472
982156
893677
2527486
911341
805524
837179
1058182
963389
4663142
1399259
1161991
949754
6998743
852507
2370262
870529
2466771
1450293
935386
867562
950817
850876
1087017
805965
835528
864179
936724
829620
1370557
911347
1290090
998694
967421
946027
892424
782301
822520
990254
896128
2961089
904027
882652
793941
951526
878468
859273
783248
854550
896374
881196
789310
805530
917500
1322892
1032131
907537
1339037
996991
950822
918929
897399
1068593
1274560
993543
2585272
917389
928959
1029410
996103
1403496
1063376
927992
984670
963441
747429
921708
1054630
1021451
1137389
747448
948248
681066
1101015
962534
980098
1051671
830539
1081337
937887
721849
992692
901386
909915
1681890
1107095
904514
1048445
848381
868289
1029097
1160415
921494
3567707
893370
15043105
4303914
1982540
1069476
1180810
1099813
1025467
1027974
906877
724777
734714
922181
1074309
989020
999294
1188333
1343543
1121731
1082743
699631
767203
1264851
1270786
1093940
2783227
1007488
874182
671915
814640
985293
673080
1484213
1104192
888141
1127147
809762
883735
752141
1052609
788304
946212
923971
1087831
745656
986290
1080900
898128
1083422
1075440
1582949
1215407
913027
1056472
987268
1011039
1003780
1130196
942374
715465
1087365
1291084
1121474
918429
1000561
998639
792429
683633
1682820
1087003
1022813
1000970
1195265
968574
827580
764358
889510
777263
1129816
834357
847461
875658
1731022
1390346
6049838
2472276
1090471
1070708
1052753
971134
1025560
1082432
1057006
1140504
995076
1009972
1043282
5213945
1125454
1036755
1122157
987412
1169041
1127359
901568
898844
864420
885215
1295431
830657
1106941
792951
1001131
2391684
953678
908854
972476
909380
805984
857713
919813
2082341
978991
893915
1191900
1080602
848377
1201203
838191
895923
2418886
1051877
12287126
1066314
965987
746652
4846015
885063
841734
1062001
2644340
1076613
810752
738442
844135
1078895
842724
767216
774386
977629
1810925
799047
815703
903685
929318
789882
798954
938122
1001604
1005819
751914
891568
785511
711500
952075
771178
729739
814202
952222
5346876
958273
1049782
838646
733497
977961
1174089
792686
781694
867278
875958
759964
785656
740503
772136
745547
817424
749615
867575
860573
853919
809338
887989
849247
859523
762825
707125
758857
1672548
731522
755593
1192704
1140331
812583
867055
871006
936279
843219
896517
853397
584678
966693
879763
825096
975410
1040528
1235431
17478904
838222
1249194
1593347
993394
917211
590812
957413
882088
902733
1031209
1465725
767828
1910512
642817
640219
641684
624829
617381
597210
672021
662054
606509
599668
953291
798550
587746
598803
851719
806815
1311300
836538
747170
773147
770870
767450
894529
783470
720256
741167
745904
745012
830628
788832
713105
803723
989768
1181378
821269
836330
1299170
923109
2643569
1020965
951780
1537795
951426
1027346
1033289
1113905
943689
3148151
867210
824791
852367
800227
872797
872411
1071002
2262222
901893
5860222
845337
901158
885149
852720
917803
1389392
1024278
852810
942174
838051
1122902
948122
1000581
879212
864620
943994
853906
792669
707415
1004316
1205566
5377694
765495
758557
754266
857998
785904
720355
729075
822087
696166
768238
908933
964662
850079
842626
1521949
888327
1543905
899173
862083
1077528
778864
854417
768984
770147
871751
2237653
747568
724062
929992
814524
727035
1544011
770716
798148
730469
816476
766782
711546
775574
738319
1130536
797793
786665
720607
747958
738289
836156
747999
928631
815159
753507
972277
874810
750377
609591
1066501
852121
838574
951484
687668
752393
688030
857202
878649
1449310
862690
595434
848745
768682
808676
722792
824608
973868
1249630
850261
769522
789519
782527
899509
875731
740109
831877
3103009
1006156
740312
869212
692672
841314
649487
811372
718392
750224
