0
0
0
0
0
0
0
0
0
0
0
0
0
0
0
0
0
0
0
0
0
0
0
0
0
0
0
0
0
0
0
0
0
0
0
0
0
0
0
0
0
0
0
0
0
0
0
0
0
0
0
0
0
0
0
0
0
0
0
0
0
0
0
0
0
0
0
0
0
0
0
0
0
0
0
0
0
0
0
0
0
0
0
0
0
0
0
0
0
0
0
0
0
0
0
0
0
0
0
0
0
0
0
0
0
0
0
0
0
0
0
0
0
0
0
0
0
0
0
0
0
0
0
0
0
0
0
0
0
0
0
0
0
0
0
0
0
0
0
0
0
0
0
0
0
0
0
0
0
0
0
0
0
0
0
0
0
0
0
0
0
0
0
0
0
0
0
0
0
0
0
0
0
0
0
0
0
0
0
0
0
0
0
0
0
0
0
0
0
0
0
0
0
0
0
0
0
0
0
0
0
0
0
0
0
0
0
0
0
0
0
0
0
0
0
0
0
0
0
0
0
0
0
0
0
0
0
0
0
0
0
0
0
0
0
0
0
0
0
0
0
0
0
0
0
0
0
0
0
0
0
0
0
0
0
0
0
0
0
0
0
0
0
0
0
0
0
0
0
0
0
0
0
0
0
0
0
0
0
0
0
0
0
0
0
0
0
0
0
0
0
0
0
0
0
0
0
0
0
0
0
0
0
0
0
0
0
0
0
0
0
0
0
0
0
0
0
0
0
0
0
0
0
0
0
0
0
0
0
0
0
0
0
0
0
0
0
0
0
0
0
0
0
0
0
0
0
0
0
0
0
0
0
0
0
0
0
0
0
0
0
0
0
0
0
0
0
0
0
0
0
0
0
0
0
0
0
0
0
0
0
0
0
0
0
0
0
0
0
0
0
0
0
0
0
0
0
0
0
0
0
0
0
0
0
0
0
0
0
0
0
0
0
0
0
0
0
0
0
0
0
0
0
0
0
0
0
0
0
0
0
0
0
0
0
0
0
0
0
0
0
0
0
0
0
0
0
0
0
0
0
0
0
0
0
0
0
0
0
0
0
0
0
0
0
0
0
0
0
0
0
0
0
0
0
0
0
0
0
0
0
0
0
0
0
0
0
0
0
0
0
0
0
0
0
0
0
0
0
0
0
0
0
0
0
0
0
0
0
0
0
0
0
0
0
0
0
0
0
0
0
0
0
0
0
0
0
0
0
0
0
0
0
0
0
0
0
0
0
0
0
0
0
0
0
0
0
0
0
0
0
0
0
0
0
0
0
0
0
0
0
0
0
0
0
0
0
0
0
0
0
0
0
0
0
0
0
0
0
0
0
0
0
0
0
0
0
0
0
0
0
0
0
0
0
0
0
0
0
0
0
0
0
0
0
0
0
0
0
0
0
0
0
0
0
0
0
0
0
0
0
0
0
0
0
0
0
0
0
0
0
0
0
0
0
0
0
0
0
0
0
0
0
0
0
0
0
0
0
0
0
0
0
0
0
0
0
0
0
0
0
0
0
0
0
0
0
0
0
0
0
0
0
0
0
0
0
0
0
0
0
0
0
0
0
0
0
0
0
0
0
0
0
0
0
0
0
0
0
0
0
0
0
0
0
0
0
0
0
0
0
0
0
0
0
0
0
0
0
0
0
0
0
0
0
0
0
0
0
0
0
0
0
0
0
0
0
0
0
0
0
0
0
0
0
0
0
0
0
0
0
0
0
0
0
0
0
0
0
0
0
0
0
0
0
0
0
0
0
0
0
0
0
0
0
0
0
0
0
0
0
0
0
0
0
0
0
0
0
0
0
0
0
0
0
0
0
0
0
0
0
0
0
0
0
0
0
0
0
0
0
0
0
0
0
0
0
0
0
0
0
0
0
0
0
0
0
0
0
0
0
0
0
0
0
0
0
0
0
0
0
0
0
0
0
0
0
0
0
0
0
0
0
0
0
0
0
0
0
0
0
0
0
0
0
0
0
0
0
0
0
0
0
0
0
0
0
0
0
0
0
0
0
0
0
0
0
0
0
0
0
0
0
0
0
0
0
0
0
0
0
0
0
0
0
0
0
0
0
0
0
0
0
0
0
0
0
0
0
0
0
0
0
0
0
0
0
0
0
0
0
0
0
0
0
0
0
0
0
0
0
0
0
0
0
0
0
0
0
0
0
0
0
0
0
0
0
0
0
0
0
0
0
0
0
0
0
0
0
0
0
0
0
0
0
0
0
0
0
0
0
0
0
0
0
0
0
0
0
0
0
0
0
0
0
0
0
0
0
0
2945114
3140082
2423791
3098667
3322860
3553179
3016497
2942912
2770512
3338295
3908351
2636606
3415018
2736774
3427469
3184359
2253160
2902322
2558717
2550930
2827774
3096556
3048455
2726047
2761589
3518996
2858169
3249780
3670701
3495394
2411641
2960681
3228044
3426670
3661251
3610232
2406427
3150894
3449204
2496410
3076850
3719702
2374619
3158577
2204224
2649228
3145147
3462912
3036556
3471864
2543189
2500862
2922135
2203228
2824718
2802033
3189509
3587978
2716045
2405467
2508818
2924951
2115979
1727590
2144322
2049174
2219198
2086819
3185881
3141350
2148445
4222165
2886417
2965438
2706926
2977323
2285440
3254656
3479491
2317377
3337171
3042135
3697458
3238143
4143639
2647924
3159565
3124183
2494807
3581568
3765716
3865651
2545290
3648865
2739576
3701949
3598142
3741177
2890940
2725526
2635090
2021054
2870285
2313138
3080948
2317445
2434409
2110120
2823140
2524098
2996830
3184776
2192211
2087980
2435672
2318153
2246337
2332420
2871823
2285571
3172369
4195896
2632359
2778421
2672110
2917175
2136992
3292400
3671758
2655280
3680540
3564985
3015317
2156706
3245366
3981044
3720890
3531330
3440849
2581941
3203917
3779482
2335008
2731907
3279772
2457371
3141100
2961439
3425795
2997243
3379686
3055610
2514079
3144174
3132855
2901549
3917708
4477818
2368620
3302680
3471694
2091996
2579182
3412262
2497087
3066281
2572604
2429237
2853129
2273699
3138317
2901114
1953749
3034378
2754226
2261231
3618611
3028889
3454194
2872753
3208853
3326092
3758289
2827820
3323309
2767512
3145675
3175260
3089600
3312240
2416438
3186534
1898179
2100851
1979571
2152456
2924102
2826922
2514748
3160004
3011264
3208510
3275560
2738873
3399341
2671658
3619688
2973802
3648519
3108036
2527621
3351568
3811520
3110916
2530085
2984335
3392289
2128118
2856456
2579437
2803837
1861787
2908542
3385697
3357607
2958973
3440135
3292546
3835834
3253880
2875608
2910669
3933079
3056628
3375237
3327322
2244881
2532073
2872631
3087786
3726765
2605677
3075656
3633983
2759819
2896287
3144681
3525127
2448405
3836746
2432913
2837873
2967165
3323658
3170315
2687541
3106173
2797028
2328894
2292438
3326390
3349153
3708803
4196984
3895541
2928299
3874661
3747265
2801445
2736204
3214089
2810422
2926278
3209751
2410011
3001933
2653452
2603531
3076552
2726399
3509688
3836483
2552496
3334216
3886564
2195623
3143294
3843452
2585925
3284607
1871427
2712807
2731186
3438885
3576109
2531654
2889101
2782254
1769184
2684317
2640585
2834279
2832342
3425850
2774542
2917460
2979383
2609084
3383456
2822703
2247927
3638898
2573090
2600541
3114710
2292573
3525117
3627303
4149428
3330075
2612601
2681414
2121633
2683910
2644396
2359527
3071648
3011428
3041031
3096180
3114331
2850982
3447766
3864539
2536682
3875803
3798160
2525661
2735521
2980110
2897556
3444778
2622217
2699916
2923214
3032406
2414066
2997952
2947381
2717258
3049045
3076509
2234573
2932652
3409310
2781929
3392425
2519385
2247373
2926801
3088563
2780107
2858763
3443128
2924867
3301457
2682838
2357754
3322611
2710895
2703978
3451333
2585502
2530487
3754868
2414497
3772289
4471170
2294409
2907404
2466268
2601167
3410245
2769103
4109248
3621318
3875797
4435454
3103859
3605499
2440040
4060793
3326475
4128107
4177831
2837326
3347044
3460909
3888492
2800971
2884515
3795097
3670103
3346168
2421357
2487793
3295517
4520070
3748001
3061259
3225938
3868111
2361279
3599202
3004521
2167293
2844684
2623866
2306461
2966911
3657983
2192638
2461714
3273509
3700720
3096174
1318755
1639478
2080728
2145711
2451882
2692295
2753355
2776024
2352311
2705049
3063541
2884698
2819010
2658311
3228058
2282840
2593495
2829597
2013843
2921623
3441971
3128955
3074307
3048594
2864084
3107362
3160007
3068814
2693619
1996904
2676091
2372948
2649234
3125551
2029106
2093015
2513337
2553259
2578137
2535426
2553924
1792279
2750932
2430134
2625857
3186622
2687228
3012201
3506897
3400701
2712854
3511352
3855357
2756397
2606171
3370277
3420845
2417623
2616570
3184676
2857099
2426848
3177343
3401387
3070476
3815668
3302157
2365417
3140150
2944376
3253780
3805026
1955993
2165803
2516520
3739846
2853173
3226522
3036902
2487186
2719951
2642130
3439111
3205373
3094489
4237709
3390516
2275881
1829900
2519759
2295006
3270111
2979880
2765480
2566886
3747121
2974674
3403017
3640654
2534192
3392440
4195417
3224897
3085621
3050267
3020774
3543241
3144069
3971394
3256677
2751311
2317661
3442080
2807546
3179072
2458571
2201845
2533367
2507731
3227853
3833669
2990437
3195651
3596484
3396125
2995957
2882429
2306395
2984454
3216667
2878437
1993412
3005890
3025002
3702612
3540463
3651347
3581961
3595926
3869374
2131824
2911929
3471340
2666160
2801387
2548925
4046732
3008119
3027607
3025559
3091410
2313894
2125755
3118378
2836580
3270709
3309004
1961875
2770686
3545751
2254655
3076133
2767772
3274051
3781767
2459888
2888697
3408249
2877775
2531066
2684088
3219372
2988761
2339855
2644073
3636736
2954894
3307054
3170966
2368856
3411182
3492620
2864890
2874698
4100552
2148733
2883972
3405660
3140135
2943961
3782556
2477881
2348767
2906211
3564009
4047012
3762008
3159356
3053509
3344572
2764915
2572581
3499322
3001426
2702891
3361912
3513894
2660397
2464025
3017887
2408850
2101288
2737776
2985043
3438777
3930209
2503581
3217998
3340018
3079869
2687318
2557573
2468907
3388244
2818394
2204293
4698342
2813953
2384928
2961868
3478152
2867300
3343041
2492599
2744637
2858696
2460838
3158128
3918950
2552544
3265293
2704626
2699741
2269733
2758710
2529012
3287931
3186337
3713889
2380048
2350136
2860912
3591432
2422060
2816468
2979060
3199054
2660735
2405273
2693382
3581051
3097841
2627853
3514324
3709582
2990059
2446230
2087996
2671691
3419701
2641337
2577482
2632206
1619547
3445102
3250692
2420446
3361966
3898378
2251572
2690592
3545553
2864850
2810968
3054650
2644277
2850347
3533624
3633713
3330796
2822652
3544630
2421633
2153543
2489765
2410389
2141365
2460731
3526608
2713988
3113697
2831387
3878172
2292639
3199189
2725463
2999139
2859148
2035836
2623614
2836056
3017734
3424545
2547890
2634315
2525199
2567061
3604424
2457598
2655607
3349062
4218965
2991560
3115641
2803633
2118295
2607430
3262948
2791927
3044655
2238878
3190799
2733846
3274923
2713249
3062741
2916670
2738398
2483618
2603128
3430810
2760938
1953865
4236444
3188426
3889522
3312434
2789198
2726108
2147005
1904266
2790208
2349581
2767119
3348133
2420151
4295980
3379303
3779241
3008692
2742028
2280753
1996871
2317991
2669691
3110580
3826451
2768655
3118056
3319864
2645388
3591773
3477981
2434437
3223846
3110282
3494697
2779047
3607255
3017590
3480490
3415826
2711113
3683836
3983751
3117738
2745744
2447424
3015970
2521160
2378987
2438182
1993675
1872079
1880520
2379020
2128958
2050505
2511045
3245189
3112421
3778803
3197944
1669920
1699582
2471342
3298631
2426919
3110230
2471702
2932460
3878197
3807929
2758356
2860856
3260089
2478372
2916150
3601193
2929047
2440557
3245509
2531847
2342553
2626100
3230502
2477133
3244142
2813838
3538525
2620644
2968386
3268675
2887787
2792521
2990768
3158053
2926435
2358747
3439640
3039920
2851263
3101906
2628584
3505799
3421361
3024206
3058917
3545390
2299661
2673911
2689677
3198701
3185439
3708834
3277659
3039053
3481574
2529615
2876516
3589465
2395937
2596026
3254465
3957500
3693702
2597363
3278889
3380703
2807043
2932515
3594391
2422585
3340126
3011489
3027930
2290100
2805322
2298935
2893377
3664524
2527514
3142732
3747891
2077239
2817301
2904209
3346595
2450490
3011078
3944503
3179652
4235079
3978288
3101581
2187905
2960890
2163604
2860803
3851729
4512736
4626530
2999006
2551796
3316726
2257574
2826896
3613817
2741951
2158914
2570295
2747566
3537905
2675284
3668509
3815681
2894007
4345499
3493852
3156530
3212908
3421676
3537161
2946616
3370314
3435904
2547402
2820350
2899691
3364483
3964695
3337080
3702844
2749232
3085956
2618905
2289597
3134645
3078754
2599821
2929475
4500731
3621341
3827612
2631894
3584008
3995731
2724449
3467099
3674025
2424798
3034870
3410825
2499320
2636872
2159892
3515020
3728587
2492128
3310632
2401840
2424300
2854029
3965119
2660599
3290894
2808188
2535702
2975203
2805588
2177150
2850840
3533758
3044810
3020306
2402627
3874380
3193038
3360810
2683556
2942562
3329074
3998079
4010508
2703249
4192646
2844657
3527913
3147409
2712557
3080463
3269383
3058826
3308548
2801505
2538472
3699981
3686656
2823329
3688282
3786840
2499466
3230417
2428299
3319166
3730910
3338665
2211658
2958084
2923585
3104361
2629884
2780742
3165662
3282454
3533079
2191639
3002217
3238840
3579044
2742147
2704604
4074857
3599038
2522578
2831512
2845062
2722906
2003499
2502695
3027829
3670576
2888278
3225284
3184412
2968294
3210011
3416954
2407502
3942117
2640470
3296453
3822766
3277239
4588921
3802024
3086059
3750547
3869893
2539998
3534647
2872306
2813502
3428863
3721349
2559467
2956565
3227955
2709923
2848852
2101867
1693979
2801883
3573981
2496433
3316714
2903660
3708900
2952431
3003277
3149398
2477939
2338870
3456789
4255447
2489749
3080697
2025960
3500987
3187064
3807651
2948754
2790392
3627446
4559126
3322764
2415910
3641207
2717915
3043991
3327040
4333289
2880026
2848197
3352961
2972659
3160303
2913482
2331789
2732212
3048889
2982501
4028951
3946417
4475649
2940432
2868556
3091103
3536620
2764210
2176508
3240675
3492869
2334307
3221591
3221261
2135398
3168816
3024992
2449571
3183505
2334003
3005765
2837148
3729637
3752308
2723644
2447089
2757850
3396021
2782242
3179506
3535190
3344838
2972981
2793832
3140793
2173520
2960755
3060069
2761640
2773410
3032119
3418478
2755648
2947580
3758119
2858151
2988027
3506433
2932927
2662641
3028488
3982678
4401381
3439554
3145504
2519245
3188407
4104592
3512419
3165038
3718869
3512307
2650106
2699615
3002473
3558935
3454040
2290126
3219354
5188559
3525155
2325601
3287017
3108568
2926604
3011205
3278913
2722530
3119191
3304844
3231979
2244128
2116834
4220966
3003266
3037671
3480198
2689455
2209321
2915687
3993379
2139728
3259760
3355174
2710265
3366807
3159624
1996759
2484486
2614384
3620417
4361515
2456861
2492226
2805642
3384605
4211289
3829505
3823014
3023545
3024118
2991713
2529230
3435567
3803362
2497506
2649642
2995060
2357309
3234752
3781404
2443445
3472983
3317862
4001982
3323382
2406550
3912641
4458282
2796017
3497611
2399812
3081688
3213676
3137450
2930393
17955345
1912910
2657999
3758842
2825255
2552310
2718492
2436622
2613799
3020488
2977216
2281962
3175351
3162385
3473216
3327403
2921718
3503730
2316425
2807882
4183596
3369130
3696593
2293780
3369097
3427041
2777222
2443553
2779576
2235997
2933548
3637581
2670217
2390409
2808777
3256728
2669903
3238231
3404059
3665086
2510688
2749922
3205708
2852244
2236062
2510508
2449847
2457446
3259213
3582432
2720394
2423126
2855470
3536109
2196790
3140654
3486225
3496044
3940500
2611731
3158919
2581023
2778895
2429901
2751764
2910092
1732336
3220763
2585262
3208864
3280387
2537607
3085062
3370616
3275560
2518352
2894298
1987911
2693157
3110086
2837626
3320568
3895598
2000621
2624120
3104206
3471868
3041021
2520007
2858184
2686752
3293258
3478614
3571552
2119455
3071195
2743314
2420092
2494893
2359585
3187082
3348054
2031487
2229131
3342346
2726716
2366043
2322922
2469861
2486156
2843342
3161385
2715364
2307294
1964840
2476021
2446044
2974130
3196085
2132911
2763204
3604151
2007690
3045980
2954342
2354988
3090586
3598086
3280725
3433506
2985601
2687225
3480545
3411086
2481859
3527149
3563357
2722865
3317278
3211951
2625378
2781488
2865294
2438216
2825643
2419958
3052364
2606342
1909519
3064188
3973740
2586614
2273785
3026730
3645186
2346895
1994680
1970069
2698087
3184954
3531966
2609838
3168268
3452220
2110876
2933751
3308041
2219460
3992275
3003319
2734702
4107478
4333018
3207072
3124698
3023953
3569913
2519315
3087043
2987141
2162611
2974915
3575895
2386045
2580714
3167247
2810212
3084274
3195670
3275220
3150108
3207330
2642776
2413031
2009543
2350421
2752419
2892616
2854668
3046375
2645302
1985611
2712507
3435630
1537176
2515891
2501613
2413229
2878322
3251585
2158545
2454513
2845566
2275073
2731992
3355527
2738278
2567251
3200835
3328082
2117147
3040467
3342558
1957615
2379095
3168893
2051785
3303755
4079246
2948422
2665589
2592180
2830015
3251624
2462071
2696178
3350278
3288786
2945002
3439696
2326168
3291211
3135730
2762739
3313094
3260409
1961852
3098276
2779256
2889727
3497734
3706154
2631989
2392509
2898904
2301043
2362699
2099454
2699304
3225470
2601618
2617332
2675642
2710447
2267528
2513474
2487444
2637361
2352346
3781959
2959857
2724129
2976459
3386805
2608154
3054101
3335677
2462529
2274383
2916885
2521900
2616937
2855239
2445425
2881309
2214063
2812257
2468595
2458937
2188418
1939274
2905118
3046844
2225232
2246869
3203401
3314481
3777376
3314102
2166159
2262334
2982956
2905905
2601095
2976994
2723351
2739937
3078334
3845400
2368784
2366072
2756202
2717780
3161305
3174777
3207056
3377106
2232578
2798265
2178544
2650421
2655540
2419266
3398391
3359944
2568932
3656516
3227927
2320498
3041815
2998863
3874187
3010050
3292645
2577551
3322836
2583740
2314602
3144373
2546499
3793712
3370259
2743270
3475316
3379544
2567343
3974195
3378863
2765036
2891808
2914993
2917517
2681616
2599965
3266288
3165047
3433102
1896673
2802791
2307457
3097022
3137537
3584749
2305027
2791569
2350437
2309335
2910180
2192735
3223781
3070427
2612709
2616084
3751691
1677743
2133657
2453024
2210178
3239095
2912204
3695161
2568457
2783538
2400382
3153700
2556328
2560847
2838352
1985151
2896670
3357125
2618682
2908684
3486070
4202252
2390244
3441359
2607317
2713955
3343807
3071160
2340290
2958459
4049851
2719147
2830911
3006374
2929136
2191121
1836994
2900196
3411234
3610874
3700113
3292179
2582252
2384285
3376736
2220601
3698984
3087766
2219656
2969073
3186548
2404076
2971570
3206943
2190691
2683247
2466841
3637414
3523269
2197571
3125239
3362947
2846386
2825601
2271974
1631123
1841875
2100614
2565139
3289310
2049372
3029912
4041966
2437015
2731998
2371410
3000808
3041371
2716459
2709705
2428162
2329583
2178746
2986630
2835426
2477146
2798404
2342144
3082158
3296725
2921870
3212768
3186665
2363357
2616571
3016312
2411084
2715032
3129899
3206696
3349018
6061004
2351168
2760275
2929185
2716157
2757742
2736585
2876899
3283882
3415486
3700400
3613215
3292066
2250396
3012414
2586729
2025273
2957531
2717378
3881786
2755517
3517740
2566287
2819818
3664068
3323088
3056656
2960153
3246806
2825072
2228089
2491265
3145262
3775157
2957081
2955641
3259850
3741007
2829334
4125075
2904745
2659086
3206467
2602759
2762397
3033841
3032393
2648080
2597461
3489447
3497199
2750304
2393539
2584844
2744483
3125024
3261201
3243190
2540002
2724083
2766128
3941395
3760803
2215045
3031062
3844636
2234314
3033115
2992996
3428275
3509560
2390945
2737757
3521042
2355494
3016539
3185952
3342864
2754954
3214968
3483003
4010537
2776383
2514735
2198734
2742154
3495297
2017214
2467554
2996660
2632233
2683838
2672722
2382027
2081065
2830754
3309503
3311291
2133004
1927282
2782406
1885649
2094630
2546616
2395649
2869308
2978788
2077300
2538324
2340489
2261527
1822493
2309330
2759361
3203181
2407258
3188727
2907377
2656367
2920934
2493978
2746599
2199599
2002841
2630189
3499151
2742485
3637468
2957357
3849227
2160020
2933209
1874632
2766995
2935713
3364713
3206205
2325491
3612837
2795462
2539212
3261869
3608049
2670257
3845147
3393822
2523674
3063194
2838432
2445240
3499403
3420768
3039510
3546376
3676928
3019385
2954503
3088899
2240998
2307727
3518262
2809041
3148323
2261473
3258222
3874028
2243772
3233601
2807475
2314298
3114744
3202522
2466004
2801063
2651091
2423218
3418379
3315532
2193360
2667652
3228296
2829086
2562820
3209138
4182756
2722624
3176579
2053456
2401006
3115442
3377270
2762317
2264256
2894387
3000062
4012846
2809202
2573555
2010706
2094466
1987664
2822780
3547532
3312708
3888295
3822559
2011432
2755743
2590545
2672667
3306492
3793993
3327341
3864328
4172093
2889081
2886962
2238551
3156229
2132921
2923995
2776957
2395165
3247461
3110734
2492240
2629784
2437633
2849967
3134864
2450174
2149821
2406743
2339480
3102232
3564899
4332356
1997139
2670985
3014590
2253284
2758684
2304187
2541765
3795779
3288625
2456324
3449943
2654538
3644538
3790052
2606692
3234920
1979805
2290920
2642283
2509337
2917290
3263849
1973529
2951397
3382148
2071870
2771580
2637160
2933166
3737513
3059362
2358824
2677553
2579128
3357154
3757042
2566560
2828264
2543338
3016789
3610149
2465125
2703681
3014148
3049370
2437146
3147834
2667578
2802964
3694909
3186090
2135776
2855756
2958244
3299490
2958759
3732779
4234633
4242078
2199976
2562418
3476361
3097578
2468457
2990072
2542246
2385356
2886315
2828288
3737892
3426227
2396555
2622841
2719302
2355610
3423631
3747881
2049601
2200634
2923163
3257374
4165338
4160082
2579618
3255326
3206483
2641257
2072078
2406290
2943797
3061000
2014691
2560211
2957259
2644231
2886242
3225654
2402822
3169530
2357645
3397908
3398707
3325065
3293372
3903519
2339764
4134341
2925959
3264723
3438805
2983076
2631631
3230996
3151629
2763227
3215189
3249744
2554426
3251626
2686727
2554474
2390427
2309963
2646634
3404807
3462162
2478885
2600283
2942774
3175188
2740344
2481582
2124936
3379563
2626024
2801494
3141523
2539309
2648165
2431773
3512995
2521219
2764411
2887874
2059094
2539654
3513743
3402783
2774020
3506485
3031652
2414697
3279815
2825833
2150068
2660167
2765684
2261582
2715498
2641469
3135101
2660976
2170818
2483776
2587250
2527326
2509080
4354404
2548896
3742461
3650937
2628235
2865960
2802226
3230951
3505645
2799146
4357363
3001763
2708571
2560056
2777540
3272497
2032475
2346498
2447438
3822454
2862953
3048506
3492221
2106529
3323533
2942517
2443301
4064596
3644236
2400381
2712266
3257844
2937606
2907269
3761234
3451525
3110800
2835104
2574076
3498561
2401813
3212001
2503751
2452372
3218724
2588718
2253933
2998127
2406739
2031077
2004675
2921538
3376549
4112955
3650596
2761111
3049501
3511416
3648946
2555698
3258478
3445779
2435001
2795652
3390258
2218856
3008270
3320654
3480233
3158166
4011360
2585738
3112629
2570039
2531574
2559873
2202830
2598104
2398076
2413231
2582241
1913525
3478814
3432202
2588272
3404425
2898138
1850208
3756989
2649839
2256797
4242685
3290052
3644036
4026175
3111412
2535569
3637561
2535037
2510861
2855429
2414347
3078462
3210072
2426945
3314133
3050608
2420155
3125746
3691185
2564902
2257149
2521760
2358604
2611482
2682091
3070496
3076519
3095926
3854632
3159572
2795331
4202760
3505538
2658506
2614205
3345651
2625893
3081525
3101796
3471279
2728722
3209197
4039846
2719051
2826998
3254636
3664495
3719465
3130410
2949547
2814477
3603504
2260632
2987713
3203321
2967778
2652705
2866149
3258702
2498164
3242579
2915803
3520165
3511390
3425553
3307236
3160112
3518001
2643022
2517258
2704154
3568902
3151264
3736740
3019324
2324022
3532147
3599260
2588770
2346441
2527598
2957631
3022712
3242775
2528384
2893929
3292907
2264886
2428618
2772757
2292743
2918029
3923083
2465708
2515054
3503404
2415981
2470410
2732337
2885707
3682125
2681217
2367885
2979232
2888121
2302827
1993351
2056159
2893075
3024906
2624557
2609355
2922981
2945292
3346068
3571689
2219538
2481395
1866807
3178818
2612948
2003854
3359404
3391123
3845485
3696573
2985845
2589380
2904030
2930081
2415199
2917539
3169499
3799497
2332051
2825533
3089828
2212950
1649289
2949459
2052986
2431557
2392610
2816122
2783675
2486351
3349411
2188944
3599652
3597930
3848493
2972049
3222126
4437966
2087966
2532342
3540350
2721969
3086820
2198591
2204217
3242529
2689121
2903404
2574205
3446862
2849473
3047977
2867909
3112478
2967174
2357837
2138821
2398922
2804766
3365708
3841953
2675982
3388720
2530486
3496031
3531642
2473709
3429487
3329832
2293396
3109786
2889392
2698036
2167426
2271365
2473207
2865134
2545085
3498627
3736551
2360841
2688135
3206439
3171947
3216774
3301478
3933009
3534251
2589616
3255038
2843814
3062803
3381847
2844885
3062446
2305011
2493106
3355706
2993488
2244855
2621487
4016517
3061061
3555260
2940804
1970361
2724361
3490685
2657741
2250704
3835835
1669182
2213018
1913036
1775400
2624831
2713214
3160725
3728259
2908120
3668680
2798382
2991999
3514855
2535771
2153614
3069794
3349610
2743438
1942321
2926876
2127535
2703409
2853051
2050720
2695436
2422996
2269750
2994126
3060529
2680731
2870251
2881486
2738655
2917386
3452632
4746228
1875064
2596914
3166004
3129009
2329560
2972380
3312264
2112943
3143431
3787965
2258007
3480623
3634839
2271369
2841372
3230492
2184380
3226791
3307390
2817921
2536840
3457290
3225849
2947598
2443388
3265539
3284630
2166639
2704374
3606261
3393924
2396063
2871831
3373842
3197444
3086511
3502616
2516356
4445474
3650044
4091026
3594091
3170101
3547266
2627605
2891992
2216653
3045167
2601280
3624159
2098392
3123142
2568665
3002691
3058725
2327292
3177389
3179382
3534682
3476581
3001844
3680200
2642357
2358340
2841417
3810514
3281309
2098448
3042660
2627943
2831674
3117526
2214573
2959971
3230840
2395442
2738681
3359800
2291354
2606932
2519808
2157708
2820105
3149769
2647133
2494856
3794964
3554248
3118978
2758531
3049592
2718573
1749057
1914775
2719971
2828061
2122588
1837482
2322721
2578672
2684909
3104277
4065154
2362642
2675351
2764490
3031574
3143129
3279538
1652246
1465289
1661820
1232373
1755245
1625376
1854248
1896136
1773161
1789180
1634617
1677930
2113313
1978364
2685343
3091783
2904310
2517576
3738147
2637970
2400151
3482513
2966208
3895850
3576026
2963035
3834174
2814239
3130025
4086983
2776519
3409647
4398133
3549843
2525816
2658967
2526239
2345028
2342270
2921280
2328013
3079393
3354298
3007371
2872848
3034995
3439274
4011980
3543128
3958598
2422596
2909657
3582741
2801106
2576275
2502782
2669163
2517949
3524211
3561692
2612844
1998910
2141514
3174930
2671634
3054669
3874891
3358037
3210555
3789027
2941556
3005920
3758485
2386451
3308098
3060355
1985920
2515325
2363593
3087598
3073192
2546668
2746451
2661387
2332481
3169646
3054013
2922693
3552883
3691857
2443141
3460750
3847478
2361998
2985237
2916398
3399541
3203090
2045091
2896560
3091491
2550838
3451259
3613628
1790687
3323381
3173311
3325786
2495597
2857402
3229531
4350551
2517787
1886047
2518265
3269868
3281398
2719782
2662037
1655065
2984788
3113961
2713357
2644532
3244230
2954595
3115139
2543476
3267591
3128707
2828056
3358150
2689023
2277495
2857126
3118704
2440204
1898204
2101934
2305789
2529223
3541776
2651828
2367930
3274875
3109416
2799158
3395764
3520167
3727257
3584482
3633959
3835283
2616933
2067900
2057072
2989718
2703465
3307953
3635216
2719610
3552587
3067434
2374493
2620676
2658377
2861636
2876275
3187716
2431719
3157369
2851670
2676474
2953514
3474427
2870293
3714987
4130568
3134405
3399716
2920068
2967831
3087549
2211344
2683673
2688545
3790690
2564483
2424416
2797416
3400102
3393540
4282588
3306716
3752236
3109824
3644208
3545395
2484789
2831643
3470879
2367156
2290861
2371473
2700530
2326825
2862217
3369163
2904670
3145132
2232853
2451468
3088209
2268842
3366263
2983608
2531964
3159533
3946102
3140243
3731637
2789172
2760829
3067928
3261755
3706566
3313909
2921259
2699593
3487005
3132345
2603747
3718483
2529215
2139307
2817915
3252271
2820101
4041222
2923762
3111760
2182215
2516190
3411272
3977557
3447691
2262275
3262595
2988086
2071738
1938517
2197504
3408458
3453041
3342952
2759880
3497297
3851894
2784436
2816530
3831199
3604824
4079297
3975031
2488887
3052709
2452196
3087896
3739328
3689071
2566539
2279619
2000973
2774492
3285172
2963324
2689156
2604523
3629106
2602084
3219770
3690363
2268482
2769800
2768564
2234587
2802662
2110696
3225719
3049926
3159258
3534908
3727254
2774093
3186235
3554943
2956108
3739576
3724647
2909686
2856763
3478238
3413294
2971010
4013732
1950932
2664944
1981328
1793411
2141662
1782321
1370969
2589348
1787750
1777929
2395817
1767710
2684530
2525299
3518538
3862807
3483739
2810245
3011491
3005052
2990510
4125970
3390387
3974341
3648839
2657996
3123409
2729900
3008505
2633576
3489962
2890599
3370754
2637885
3018065
2673243
3286871
3576370
2805173
2593574
3180293
4012354
4128468
4477337
2889992
2351518
2769034
2456622
3055088
3612115
2545042
2926831
2835190
3609071
2850827
3534629
3948590
3773378
3156399
2493856
3221122
3622773
3169718
2701084
2253569
2793414
3058571
2409272
3276831
2686587
3369828
2984894
2932053
2579255
2809117
3362946
2557426
3401579
3428376
2394705
4006090
3519109
2870622
3931283
3400475
2608156
2409420
2605918
3561483
2908903
2015398
2571924
3260579
3489485
3877374
3017181
3306553
2733313
2516241
2961830
3016956
3225555
3325189
3025729
3125866
3225116
3733800
3706729
2539357
4328760
3739027
2452558
3066400
2833928
3020833
3460767
3896788
3265105
2152464
2678791
2074238
3471392
3192579
2015736
2872229
3289085
2504262
3416538
2903326
4734928
3648662
2835365
3697064
4048998
2995258
2471086
2790806
3240409
3871098
2444260
3090199
3169077
3366561
2493308
3316051
3603511
3802247
2964432
3724321
3926135
2152371
2740649
3147468
2328750
2911607
3255050
4063311
3032379
2788363
2989518
2804249
2063835
3093050
4085628
3114897
3669696
2585710
2662422
3791944
3360222
3671598
2957802
2731100
3555249
3856236
2714200
2934313
3699215
2769434
2922944
3470523
3153442
3063777
2848429
2497720
3253952
3213192
2839685
3954126
3200549
2736528
2899712
2736757
2160972
2977920
3156688
2360110
2831311
3010764
2516623
3219814
2368276
2986611
3373123
3169164
2404626
3093476
2464356
3068704
3351904
3929301
3481996
3149047
2970302
2456580
3974447
2877228
3608332
3109530
3896177
4462638
3680867
2562131
2572497
2312929
3200332
3589021
3140306
4174208
2312747
2480524
2781405
3474440
3092170
2678146
3714059
3664890
2658036
2830766
2605977
3842416
3359653
3718386
3340864
3311112
4161842
2965375
3468193
2639900
2378357
2957475
2394921
2899456
3185381
2708280
3136981
3447432
2817135
4787085
2932501
3011699
3523033
3500301
2481509
3270065
3449121
3763335
2973907
3404869
2291731
3099485
2996548
2786301
4178830
2933487
2191827
3664896
4157883
2183180
3073862
3607293
4614783
3148343
3146185
3055375
2832213
2935226
2875211
2898192
3228973
4815439
3800402
3515209
3541362
2795184
2163379
3049953
2970353
2836036
3292684
2667031
3015186
3515144
3376400
4107520
4482412
3526950
3915724
2156700
3196910
2522356
3666529
2739524
2958233
3670400
4626752
2346256
2946516
3119625
2476586
2683536
3053469
2094732
3205516
3106100
3853375
3861495
2250559
2780773
2985029
3014917
5091898
3098263
3119012
3869431
3923025
2408985
4640981
3742704
3901056
2842126
3218678
3251564
2515391
2843588
3067495
4657121
2776306
2815674
3323102
3466172
2887133
2966207
2690643
2224632
3291568
3401786
2712624
2640435
2856510
2820371
2958191
3650279
3104589
3620820
3473119
3308166
3859060
3148625
2684273
3183640
3506002
3221269
2609854
3515617
3807810
3649583
4018642
2933015
2664614
3370733
2140125
2927304
4448690
2592350
3032260
2709800
2514425
2929893
3777637
2507045
3499883
1969751
2854577
2450112
2529223
2511315
3446904
2460542
2968046
2243686
2608907
3703310
4220637
2356798
3106333
3854488
2606000
3169652
3884903
1961119
3708767
3103465
3880052
3669593
3633235
3792354
3433473
2342473
3131829
2733192
3522727
2867570
3517569
2478598
2847259
2562586
2661690
3163936
2951448
2518618
3297837
3999950
3628820
3515408
3914344
2500761
3664261
2758628
3585310
2902007
2490645
2987361
3123508
3392495
2574055
2391638
3334714
2943134
2897023
2765941
3028196
2785089
2425996
3420384
3421947
3034421
2745819
2758577
2868537
3892263
3249783
3931873
2844703
2795522
2757162
3005549
2102459
2555429
2903463
2108711
2480653
2850763
3045949
3086847
2179544
2342953
3348382
3069811
2532975
3115794
3866867
2340102
2939444
3874190
2387591
2622140
2189867
3090112
3433951
2398362
3205224
3012692
2598738
3460145
3613120
3130814
2695766
2797288
3673167
3402515
2437061
3046762
2508742
2794035
8524545
3140615
3214116
2553967
2867249
3760416
2761101
3714489
2509866
3185800
2946487
3683712
2841229
2820012
3406545
3240532
2202293
3128446
3088660
2590684
3643336
3316337
4069510
2557166
3395236
2508602
2489334
3900953
2423684
3032771
3058826
2658930
3792630
3830295
3109335
3526570
3596700
3164934
3637196
3466977
2268440
2930246
2789228
3441460
3287424
3065317
2726838
3211377
2751603
3855902
2880910
2601255
2987103
9600411
2287246
3096043
3725936
2448228
2951056
3690815
2505269
2869508
3586838
3724297
2690822
2405101
2691467
3061103
2664165
3394576
2238218
2681432
2953244
3281903
2844601
3136492
2753381
3464285
3306741
2576499
2778891
3520690
3640479
3056710
3031685
2787039
3353437
3602626
3759626
2297468
3228282
3771919
1984411
2691903
3243154
1888313
3243415
2675421
3560363
3487868
2380911
2336496
3612838
2256392
3742451
3296003
3126467
3076218
2763730
2776414
3835921
2876863
2795819
3727696
2134176
2813236
1528971
1486157
1887030
2210046
3442585
3790306
2452123
3063120
2441528
3519631
3073932
2997645
2324703
2540616
2867457
2273040
2972403
2894005
3413088
3949077
2379025
4574497
3109450
3024782
2717427
3394279
2324466
2457443
3085977
2808531
2845841
3525825
2395288
2726003
3061718
2969928
2720470
2592261
3496276
3974666
2954157
3445316
3460353
2363998
2829899
2779598
2326059
2585164
2597209
2452058
2372926
2178018
3219459
2879001
2163732
3053434
3680527
2414886
2214449
2858963
2488194
2798352
1544638
3583382
2807865
3482823
2761587
3154754
2007833
2612527
3215520
2845461
3261561
3912372
2570285
3268974
3678595
2972034
3843753
2696623
3642967
2970475
2407104
3216119
3561345
3441578
3563111
2080794
2370274
2858536
3515755
3257279
2972211
3312402
3671984
2599933
2884265
2105697
3164965
3482302
2367442
2931763
3123817
2177013
2697156
2815492
3223957
3191892
2901632
2975102
3728331
3014058
2700723
2992814
3521247
3120699
1980582
2132760
2931635
2827528
2490806
3203405
3447576
2999255
3091648
3098288
2314418
3009131
3079660
2695817
2549113
2536908
3226145
3832541
2366639
2819204
2813209
2292410
3224294
3010854
2548745
2830424
2292329
3239329
3252999
2357434
3203924
3646373
2262304
3239961
3542956
2510881
3047383
4167881
4426488
3139766
2547398
2324290
3208001
3136708
2316907
2332732
3012001
2134060
2542528
3077401
2577683
3525062
2426705
2874906
3392611
2830400
3781882
3437097
2503612
3159473
3082927
2807913
3806744
3835486
2933915
3012252
3520976
2375342
3094538
2515092
2516664
2786503
2309358
2856813
2707917
2744955
2933824
2613456
2692641
2931473
3524619
4576844
4439544
4442479
3156417
2798836
3276885
3623439
3207674
2008697
2896125
3694365
2165120
3293101
3429111
2386853
3513108
3571873
2139230
3192477
3973321
2990215
2604392
2674273
2814609
3309197
2748892
2804776
3308448
3019227
2110177
2825388
3882894
3227723
2952199
2418332
3207014
4047139
4246277
2220720
3224134
3721546
2928361
3086450
2411728
3257073
3622484
2870719
3316317
2906766
3288822
2608381
2634596
3299155
3723472
2823515
2715438
2653898
2923812
2911659
4112626
2516324
2689622
3144478
3506960
3485393
2582921
2700882
3125688
3655583
3053977
3890433
3543882
2483520
3427417
3364946
2453561
2359747
3009972
3192736
3481139
3096109
3275003
2442116
3093550
2637548
3099506
3835764
2728851
3110240
2893594
2571165
2639149
3863710
2495384
2973400
2782960
3189762
3883452
2631796
3217583
3222526
2294144
2630925
2546044
3672889
3803061
2365039
2807520
2920671
2854666
3578786
3299015
3573408
3143396
2621331
2379192
3362774
3225276
2427505
2334831
2758952
1596656
2618305
3013901
2925179
3572083
3796509
2430832
2858097
2858204
2286573
2531308
2972583
3192949
3285731
2718034
4580822
3966776
2792742
2789345
3028055
2956685
3469662
2472402
2880106
2804495
3718604
3710306
2369268
3430931
3498956
3024848
2870103
2864774
3700585
2965783
2880316
3197788
2635043
2401878
2920777
2701990
3476549
3181868
2698063
3347350
2952844
3448925
3857288
3376147
2995610
2777429
2576897
2626249
2568575
2399658
3012879
3149827
2474633
3083345
2771397
2703919
2608524
2415552
2847483
2155758
2514091
3228126
3061202
2719235
2533616
3612144
2947352
2848585
3156347
3736532
3574368
2838593
3294042
4686920
3427010
3036202
3110630
3626906
3734462
2367695
2971613
3625619
3181362
2904382
2166220
2876970
2252758
3173174
3143492
2229548
2658254
3894842
2841323
2764317
3810046
3555829
2974245
3204944
3418115
2395095
2866894
2486511
3730516
3520554
3580353
2398609
3311026
3991275
2748930
3049630
2892077
2821361
2587482
3981115
3734732
2796728
3133516
4019280
2749683
3372478
3439151
2910186
3274826
2999834
3135095
2364653
2724355
2982044
2157465
2832941
3560082
3396858
2669496
3410218
2163190
3037624
3958747
2910941
2604934
2841841
2532564
3069291
4133597
4208849
3118621
2768674
3022286
2883516
3152851
2449148
3545378
4388327
2916623
2639212
3213814
2502977
2502734
3136902
3614352
2028924
2661468
2586317
2818681
3112889
2864435
3418930
2478621
3356645
3543709
2352526
3441438
3959345
2866661
3063548
3195058
2794063
3196138
2551624
2974142
3219895
3708580
4747110
2027944
2981175
2640496
2913247
2258074
2876116
3661081
4305595
4012676
4372001
2851805
2964639
2615748
3224808
3435650
2944953
2539016
3433036
3229800
2034911
2430273
2118369
2643366
2613883
2810339
3272151
3851857
3270311
2336334
2690211
3365092
2401374
3582779
3465442
2368581
2998293
2645165
3314340
3086260
22065990
2352830
2409218
3221394
2444326
2414155
2853807
3533402
3533075
2176451
2970664
3359773
4195033
3452805
3712878
3105727
3775834
2920013
2954134
2712311
2158754
2636831
2260353
2659451
3925857
2580039
2325885
2604440
2567584
2425439
2858229
2619961
3155848
3050676
2836117
2329595
2921087
3541877
2066046
2819105
2942692
2241903
3393750
3411096
2844092
2115852
2426093
4062250
3369431
3161726
3161454
3426387
3468457
2065560
3279337
2381509
2527085
3358105
3982509
2433628
2431800
2915198
2770297
2878594
2687302
3517126
3422603
2181749
2307032
3359782
3512602
2460148
2626964
3105263
3664464
2520940
2856364
2931674
2454491
3288351
2638710
4041470
3046773
2587599
3831534
3082224
2484667
3196927
2734066
3434580
2493604
2926665
2798366
2976504
3234266
4274011
2952186
2363756
2342796
2684007
2753005
3549963
3712929
2196776
2375555
2893249
2678686
1876939
2265216
1946313
2778044
3475310
2221734
2732554
2146720
2672113
2897550
2291740
2691884
2736359
2139415
3126088
2088914
2728766
3384590
2885355
3576103
3056618
2962865
2318277
2884091
2055518
2902022
3498686
2759717
2552652
2911937
2162859
2185372
3192473
3077393
3291806
2685373
2666621
2817620
2089865
3171284
3032241
3708305
2547755
2490153
3314888
2804080
2234735
2672540
3436715
2295906
2366902
1936125
2183863
3003966
3477181
2699920
3732316
3185670
4141729
2995695
2664847
3897007
3172954
2813024
2523986
3425562
3618694
2359010
2629435
2938485
2311525
3090964
3145752
2765831
2694704
2123805
3278984
3624184
3036863
3561156
3342016
2747060
2229314
2463512
2390871
3103147
3450159
2795400
3666365
3899523
2613655
3441364
3545593
2217015
3007588
2329809
3668622
2358085
2765206
3037932
2461574
3311510
3009707
2867004
2357483
3093276
3493304
3018690
3172065
3504259
2450219
2548543
2789012
2791784
2256187
2641758
3366527
2570237
3148078
3816199
2224714
1921056
3024387
2995547
2169982
2707601
3262414
2501661
3164763
3122217
2469699
2870599
3877634
2648706
2168204
2903512
3705052
3633629
2983465
3441259
2650369
2984704
3563299
2284481
3049712
3149983
3471922
3652375
1994914
2607761
2346038
2718335
3194975
2896365
2691374
2734989
3619723
3465281
2894612
3719665
2612728
2606515
3354728
2828427
2818274
2742863
3128691
2404358
2932891
3738461
2805347
3220995
3556436
2999368
2950119
2741877
2300878
3222686
2780450
3232834
2670731
2753517
2507463
3522807
2092564
2271940
2700057
3290885
2834069
3191467
2394284
3826814
2420232
2336111
2686570
2587918
1952128
2341747
2780844
2224241
2665720
3170114
3073120
2291813
2482048
2969881
2600753
2727297
3097856
2703265
3689431
2941553
2460937
2143397
2674880
2730280
2753561
2614270
2465079
2370370
2183162
2570827
2590057
2802901
3162452
3703991
2484862
3620601
3001182
2660117
3039953
2568871
2868028
3170405
3346057
2059659
2494560
2896468
3144333
3007004
2750905
3682428
3255608
2887982
3551701
3013128
2953543
3648340
2309857
2991938
2048601
2224198
2860782
3113392
2509168
2244461
3297776
3541413
1699296
2374020
2214266
2266158
2920274
3143413
3180059
2871960
2736200
2880221
3287453
2547501
3174222
2685426
2773620
2743151
2564424
3255920
3160824
2232010
3083564
2756410
2065271
2708651
2681792
2410726
2933598
3070539
2330810
2808824
2397232
3016770
2647305
2756695
3068709
3547130
2691298
3462756
3173440
2878157
2343693
2414551
3078793
3515170
2794438
2526448
2981677
2583893
2940767
3194542
2471935
2473553
3622695
2635993
2703755
3230746
3233517
2888506
2301624
3254867
3039973
3262442
2658078
3169322
3536964
3379983
4031585
2129922
2660083
2771000
2462536
2008133
3506294
2288037
2785029
3534917
2997199
3607428
2948895
2582399
4280456
2551512
2513391
2468543
2524625
2112004
2571814
2983455
2361063
2704926
3475230
2180781
3414282
2819075
2650350
4117787
2335174
2680439
2847508
2575474
2327846
3267079
2680495
2354249
2572015
1960714
3131212
2268039
4141197
3553220
3992284
4143627
3094721
2313359
2236090
2042974
2662205
2739394
3028422
3184293
3220999
2679616
4162542
2726603
3605168
3458240
3336646
2328502
3266598
3432452
2613826
2527876
2444071
1937299
2179664
2008021
3029162
2539567
2504803
4260175
2371952
2162837
2444267
2444474
2885490
3512270
3342697
2456319
3536318
3027151
2548350
3093697
2357928
2089894
2778531
2356341
2877216
3615082
2722303
3688485
2372850
2719151
2888123
2784137
2171203
2866195
2841989
2935580
3042085
2712568
1962254
3236934
3371989
3115964
2623883
2741148
3025312
3377688
2573622
3328882
2967327
2642514
2502529
2683228
1995685
3388730
3256449
3590298
2530702
2473909
2527502
3204756
2585283
2541660
2498292
2670959
2967588
3466836
2640238
2088219
1730833
2198820
2067409
2229989
2444329
3320179
3641044
2937843
4032948
3132133
3799512
2129913
2741774
3748424
4073708
2515566
2408837
3982105
3012671
3771702
3385548
2510302
2404847
3205904
2997719
3444478
2533995
3382733
2754646
3186916
3270458
3226505
2072301
2699624
3776236
2510132
2786097
3062727
1937033
2220648
2015427
2650409
2545857
3361568
2746654
2276689
2572525
2603109
2838157
2835082
2741826
2861944
3372418
3205319
3572986
3036903
2506059
2597380
2117122
1880116
2636733
3110034
3408734
2425211
3280816
2906398
3169154
3447340
3119807
4217156
3067961
3069753
3717955
2991082
2174947
3016698
3049549
2502751
2866920
2188927
2566134
2586566
2381677
2028169
2813951
3738310
2401343
2136263
2816025
2445396
2910814
3430482
2776097
3321736
2746586
2183042
2775769
3575543
2690106
3308721
2887238
2858510
2555762
3371733
2813611
2731716
2940825
2286363
2336057
2997790
2770824
2697531
3129836
3069280
3071779
3345942
2714839
2360541
2321735
2452848
3249378
2875687
2383869
2649731
2982157
2729269
3183239
2869138
2392678
3205003
3055799
2243901
3102197
2105563
2811335
3351633
2947150
3566294
2889675
2781688
3308459
2782407
2798808
2455175
3358561
3309314
2790972
3098172
2375545
2307789
3358583
3653041
2405256
3120338
3183391
3978135
2680611
2189171
2955347
3466658
2721332
3064843
2952672
3740501
2677907
2751890
3062445
2012782
2149350
3008490
2400311
1998638
2641974
2531053
2607060
2586744
3238097
2578918
2456598
3366153
3189604
3084913
3862229
2162175
2912015
3254545
2707146
3486612
3208114
2467883
3276207
2986991
2446406
3316182
3462965
2565856
2246570
3391239
2908304
2434826
2531890
2877298
2590889
2937808
2666679
2486827
2240438
3185062
2518203
3036890
2366571
2389810
3032518
2906987
2378232
2781550
2953363
2591847
2042578
2708646
3073637
2352640
3287122
2945429
2927371
3067828
2986939
2167455
2789963
2693408
2910402
2256359
2897585
3879425
2539040
2294844
2481430
3045895
2977653
2757546
4003529
2812133
4467305
3020269
2867730
3214635
3348760
2623725
2643089
3062618
3249635
2638512
3289331
2582595
3719356
4035350
3047064
3450661
3249707
2724292
3204079
2987571
4254778
3779561
3255261
3560645
2311065
2598328
3259371
2678838
2593800
2679495
3001205
2644815
2629405
2388774
2841491
2779851
2782432
2969653
2413408
2407021
3222579
3760179
2659273
4444475
3228751
2612924
1996779
2624234
3064164
3426436
3174858
2864258
3247271
3681487
2639202
3251744
3256474
2884633
3324831
2995148
2459932
2887066
3410403
2356655
2836698
2997559
2417618
2752338
3038225
2080061
2255315
3260085
3737908
3020420
3595300
3884453
2560756
3091323
3539453
3929029
2564500
3101843
3910543
2404844
3983346
2931953
3153139
2336164
3289128
3377705
2022158
2499010
2715772
2151829
2070430
2325897
3201813
2240470
3503957
2552161
3097084
2150887
3192807
2932790
2771508
3015377
2708466
3498379
3499614
3445591
3944672
3149286
2781090
2375805
3580249
3607878
2995776
2622399
3131611
2269484
3159695
2475351
2279885
2554220
2232995
3073270
2960223
3887528
2702459
2897929
3175705
3668900
2504105
3337066
2375828
2452636
3385632
3617769
2612218
2683423
2478378
2658235
3494307
3561808
2459242
2579472
2230387
3538921
2644081
3887578
3028024
2954847
2721173
3525569
3362021
2219898
2598017
3190365
3618414
2388227
1862471
1573255
2660611
2643066
2946117
3690957
2558566
3212457
3444372
2174069
3171378
2855368
3712912
2979365
2786509
3715738
2304445
2559213
3345789
3053498
2428532
2480082
3050886
2631913
1739053
2701753
2719758
1793296
2338998
2593085
3603912
3421896
2275477
3178760
2788947
3151006
2780006
3522599
4351938
4423472
2580057
3543286
3623202
1853470
2500572
2912060
2268993
2381012
2740996
3087000
2248275
1985413
2567429
2500564
2694038
3311195
2422095
3405087
3276004
2254223
2490077
2828315
2378745
3672914
3126566
2822999
2810946
2983180
2264685
2664029
3556597
2349990
3310745
3616970
2161153
3222337
4128081
4915837
3666458
2864180
2729169
2975485
2074721
2804088
3225508
2521609
2701265
2907635
2652882
2843201
3083300
3000016
2510480
2830594
2007730
3190252
1965500
3170646
3145460
2655233
3149184
2119932
2187642
3966077
2630922
2911600
3444706
2667891
3048993
3433425
3896733
2956021
3042571
3125383
3025607
3232414
3571657
3323078
3624733
2615728
2694046
2985923
3334543
2814559
3395946
2725908
3326135
2967435
3787712
2855641
3389826
3633838
2724410
3409810
3410713
2360437
3011732
3218966
2898904
2402123
3168091
2791335
3462042
1935331
2834908
2606719
2553412
3296089
3399254
2868276
3918300
3325332
3523949
3350115
2956177
3244806
2983772
2582471
3421365
2906739
3140885
3646650
2140086
2617800
2289974
2598405
2874137
2663932
3107744
9458746
1495492
2093421
1596092
3705441
6031290
2309207
1645430
1974352
2308734
2908134
3614506
3398122
2602266
3024860
2124459
2606119
3044462
5102849
3577035
3061567
2907189
2920043
2722232
2387647
3217835
3169166
2374104
3300308
3994136
2596226
2904977
3830396
2710210
2543714
2860726
3756293
3438264
2971288
3364690
3743766
2914407
2090546
2402812
2694841
2525596
3008592
3416964
2980403
1959826
2160407
2777287
2952060
3127753
2590845
3395050
2840955
3334664
3335323
2574552
3501044
3635362
3234147
4029759
3017346
2221408
2548693
2773294
1902779
4083584
2504662
3381669
2776621
2877114
3188565
3143007
3058758
2757693
2412363
3181984
2618120
3284058
3771204
2235080
3078096
3798266
2214239
2690222
2082876
2731943
2447072
3117005
2960393
3353168
2885781
2960879
2856712
3356110
3419268
2461798
2549767
3042611
3364911
3456224
2543526
2982145
3057800
5020660
3054271
3040510
3311381
4018865
2650473
2157138
2839853
3159375
3844119
3447048
2384826
3261497
3119338
1814031
3899903
2817578
2089406
3403330
3419637
3114368
3192242
3078450
2346437
2563698
2663323
3070986
3435607
2383844
2747680
2633650
2609424
3034224
2955962
3932387
2867284
2914227
3794521
3279215
2948101
2744662
2632297
2628390
2408613
3530962
3402203
4091370
2366418
2446850
3157228
2774518
2665440
3053526
2725922
3059243
2531970
2487892
3101908
2677792
2291494
2882315
2662969
2458185
2719969
3196595
3484621
5226686
2271692
2448204
2771492
3205338
2970894
3108038
1686539
1726893
2218223
2423140
3138926
4022527
3024307
2543568
2146168
3250461
3785505
3888659
3175453
3103710
3475637
4394232
3520132
3682628
3607199
2862888
2590388
2923646
3335570
2192032
2978864
3209340
2743073
2802144
2787461
2415673
2909481
1932069
2240546
2382899
2618605
3024625
3408675
2461490
3630501
3495591
2656974
2309680
1878095
2872725
2400309
3088391
2614432
2949082
3647847
3947485
2721284
2923399
3752242
3458039
2282644
2885559
3816185
2438176
3654518
3760921
2696270
2509241
2182862
4058303
3125045
3317091
2606509
3113197
2533895
4227898
3139070
2710110
3154846
2959847
3053566
3675050
2394450
2443532
2254272
3068429
3692267
4314432
2696847
3210138
2415083
3419101
2211389
2820734
2622444
2804307
3224261
3093673
2510989
3473754
4019483
3683037
2341158
2058255
2561843
2861962
2385472
4034976
2528405
2353344
2494078
2612323
3269316
2757395
2119137
4046833
3197115
3057622
3292857
3653568
3040699
2597968
2726321
2883644
3616530
3521731
2467743
2712079
3033945
2465266
2486595
3174936
2457091
2772618
2580957
3551756
3010552
3161187
2713104
3039205
2836443
2505939
2708379
2955199
3325499
2088850
2970174
3248786
2976891
2493978
2884223
2736271
2650123
2831667
2777123
3019462
2336235
4516302
4068259
2730161
3414760
2750078
3024886
4472745
3147553
2648997
3010861
3364348
2926482
3210826
2563971
2982530
2279272
3501734
3807994
2738269
3228366
3221950
2249778
2939710
2887614
3414048
2693870
3186262
2874676
3425959
2391652
2387851
3156490
2080634
2975063
2957093
2495596
1944697
2713123
3297440
3452296
2608402
3190750
2907072
2725343
4000616
3913957
2855807
2209946
3029460
2277661
3032387
3559203
2451894
2675601
2565214
2771041
3210885
3679415
3413367
2697901
2896913
2486541
3031282
3187598
2620693
2825060
2938100
2776627
2186900
3158991
3423034
3199319
2408335
3072091
3412740
2209669
3010764
3016123
2518678
2284000
2974071
3287796
2958708
2660999
2770079
2030304
2156671
2791169
1940016
3310583
4180897
3654795
2690338
4517245
3059263
2192444
2280267
2449233
2423906
2952443
2492169
2398979
3550210
3779574
2475221
2867138
3323164
2406387
2694561
2530721
2734886
3067058
3546372
2831900
2915284
3237195
2605912
2632244
3099897
2449667
2122810
2727411
3775896
2856994
3160510
2907035
2417086
2827900
2724767
2376841
2949166
2579780
3441965
4013179
2438361
3947896
2305794
2867256
3637027
3489560
2332746
2756353
3756115
3973700
3011080
3648479
3321332
2758386
3196811
2456968
2833953
3448756
2575557
2688026
2966632
2898155
3378087
1951374
2753643
3391345
3714571
3059052
2942441
2949218
2448159
2817820
2994350
3197646
2789008
3555161
2689356
2989410
3667845
2700597
2762640
2894517
3332972
2890434
2601115
3619808
3008781
2138999
2636609
3382811
2517767
2011399
2166755
3654773
2973789
2626397
2884176
3335443
2770043
2754874
2903216
2601701
2753505
2942464
3259198
2818937
3610211
2254403
3124792
3406625
4246150
2308115
3363693
3995476
2889272
2908593
2525604
2706899
3110958
3771286
2847846
2793056
2982485
2606625
3331998
3144600
2907298
4656680
2649512
3344720
3032667
2877694
3432018
3145288
3060488
2633593
3372603
2711250
1847853
3072075
2665460
1685040
2658960
2557595
2545398
2711322
2094866
2507237
2658802
2696802
3067577
2524132
2266252
2547226
2711626
2793880
3427271
2918559
2176983
3544580
2167808
2670690
2899878
1961479
2586577
3821860
2485984
3063464
3258316
2044592
2099549
2946990
3454621
3233668
3003234
3618985
3039161
2383768
2136014
2080695
2621676
5203790
2554091
3115533
2726767
2873165
3282999
2803517
2907288
2621424
4300605
2082609
2130276
2878977
3113440
3432934
4088136
3354520
2508054
2804843
3195124
3354200
3583073
2914062
3852346
3701296
2418815
2656054
2565451
3049441
3402530
3405671
3501176
3293593
3318451
2164906
3064172
3521965
2583395
3246950
3293563
1918047
2632589
2971317
2937676
3189029
3319961
3477293
2680500
2552826
3030972
3221270
2317465
3252722
3032162
2836572
3467701
3136407
3669447
2848561
3257378
3922558
2906367
3351265
2544648
2841873
3644497
2761455
3333545
3558559
2252121
3203815
2420920
3174885
2896087
3212318
3376794
3057313
1993252
2414067
2849282
2837268
4046996
3483376
3761242
2706580
2679705
3695795
3484767
2592139
3123764
3115479
1871399
2514188
2967895
3596691
3643844
2344971
4097664
2746551
2586821
3835606
2594215
4238392
3077185
2894738
2578243
2807518
3575307
3255880
2735844
3257465
2422910
2797260
2714671
3296657
2507414
3919785
2843597
2890715
2774103
3279749
3851293
2127285
2524179
2531805
2902089
2725544
2821081
2165770
2904925
4106548
3840575
3671144
2441594
3400994
2544134
3241930
3278706
2992300
2208382
3133138
2501231
3477206
3938652
3046103
2181354
3031382
2582719
2001813
2532491
3778520
2515846
2966240
2686410
5279942
2743649
3846935
3441218
3062355
4070007
2993770
2925947
3368561
4193949
2754773
3211838
2789287
3346439
3685769
2997830
3947548
3042374
2892738
2155655
5173927
2022451
2236994
2615660
2216103
2615496
3563456
3374581
3663654
3896265
1955917
2176036
2289175
2900849
3176157
2823596
2978887
2419691
2650057
3455258
3512230
3408796
3438987
2558225
2499785
2758291
2727667
2164789
2718084
3322181
3664999
2957281
3020957
1696618
3655692
3441090
3701955
2703489
2488489
2888803
3135712
3142639
2622229
2893742
2983193
3492341
2916843
2142328
1905981
2316170
2329431
3424622
3477061
2803483
3068173
2846275
2894521
3742074
3814402
2669172
3306954
3307181
3113803
3232162
3147860
2352018
2853250
3175518
3041279
3755190
2799500
3268192
2883534
3835026
3735712
2288299
2292802
4351593
3285793
4119032
2132127
2466518
3392594
3201042
2487676
1928148
2097573
3178354
3521275
3949105
3092531
3689268
2785706
2325332
2692220
2995442
2389846
2529289
3145993
3795724
3286963
2440039
3893039
3184600
2965520
3436883
2842007
2886029
3331595
3214148
3750611
2513429
3249583
3191938
3990226
4094080
2642746
3732609
3691224
2560234
4406607
2711943
3121827
2843657
3344240
4185869
2449669
2635532
2554501
3421262
2620951
3069221
2922900
2859752
3016981
2596631
3115717
3457558
2679110
3183931
4051750
3898872
3383355
2775649
3057358
3467883
2506251
2826938
3502143
2598296
3979042
2738970
3832828
3254658
2612730
2496482
2410855
2393833
2547115
3118386
2595477
2443178
3210391
2250589
2969707
2537858
3357782
4066716
2343271
3009124
2995575
2605453
3008497
2833240
3394899
3348610
3023594
4037559
3435673
3110520
3229021
2790563
3382808
3578173
3467953
2910980
3675017
2439065
3084375
3292969
2804554
2733905
4136853
2859215
3234094
3095601
2766433
3638310
3066502
3647768
4761525
2699800
3201590
2561432
3415981
3651682
2120215
3590367
2823070
3303574
3035107
3284537
3874236
3370544
3507361
3727565
2626302
2849424
3030404
3251235
2514944
3225246
3061945
2644771
2441031
2904888
2773572
2311151
3201847
3391959
2498488
2883808
2881799
3314865
3152732
2458136
3128071
2929166
2445861
2825752
3466998
2195364
3253194
3123917
3527049
3959786
3796550
2372388
2898395
2891458
2668987
2882285
2509662
3071951
3100356
2675511
2971704
3170256
4563369
3224889
3456199
2557910
2969473
2522337
2342483
2182076
3048200
2090667
2645342
4067273
2986055
2965528
3036415
3372080
3259303
4864413
3318268
3970923
2423635
3090148
3944448
2404234
2727428
3092837
3201437
3101934
3288386
2167930
3276728
2594126
3264234
3482950
2700096
2845512
2700933
3176419
3049977
2705466
2747078
2864842
2493975
4164575
2936000
3190639
2565327
3685301
4167848
4151804
3026898
2929955
2272363
2680719
3541078
2231963
3014160
3575630
2564333
3582375
3452409
3649980
3054937
3642360
2470751
2851399
3318416
4004566
2985243
2599714
2716727
3380997
3063800
2348650
2856845
3182793
2860803
2618588
3349052
3595112
3367860
2800032
3305011
3488703
2979918
3780828
3634574
3089653
3904089
3296058
3645159
2154251
2809480
3035608
2595671
3747391
2391731
3152331
3667034
2930081
3429041
4008438
4076792
2476199
2249596
2630349
2761309
2778423
2808568
3006576
3587986
2695005
2253077
2558261
3126604
3545034
3984986
3275925
3500994
3236964
2745145
2652222
2063818
3418130
3801552
3525135
3733227
3685003
2989485
3503530
3967098
2231328
2508008
3313258
2351696
2710024
2600138
3457779
3233706
3688089
3433501
2531502
3342126
3784817
2726751
3154936
3807219
2502489
3914858
3195309
4330452
3215137
2496743
2869547
2640794
3258019
5176622
2984568
3639597
2852928
3080373
2624046
4894491
3092240
3351032
3839588
2906775
3273280
3482375
2569643
3295850
2837294
2710420
2341288
3459782
2908123
2959137
2910407
2990483
3370941
4031200
2961146
3043513
3538347
3049948
3356712
3059470
1929589
3576080
3288401
3372130
3377406
2971691
4311420
3352421
3017682
3404191
3614957
3372649
3603510
2565983
1960175
3056239
3331453
3785020
2157092
2756111
2122313
2125763
2650490
2608242
2925554
3162932
2876686
2973432
2568474
4833832
3226288
3801509
3812380
3309912
2656615
4638304
3622953
3114615
3847511
3450586
3385794
2519690
2647630
3061936
2638934
3043839
2952562
2316097
2854314
3457913
3334421
3049863
3296553
3078084
3508146
2879014
2408450
3435386
3523240
3379284
3623487
3744663
3436908
3538228
3593256
2874520
2846097
3460769
4553428
3138238
2720687
3338753
3348099
4252764
2889921
3134758
3595131
3198367
2337496
3565167
3831205
4419441
2820794
2449083
2696368
3184775
4548017
4154474
2535432
2507128
2799427
3126036
2534811
2967343
2579636
3312034
2604771
3032280
3089230
2480837
3428885
3402307
2671740
3664850
2973841
3686905
3150550
3145196
3417610
3536421
3439743
1942531
2970908
3313389
2385810
3133312
3973407
3184031
3840948
3859045
2741279
3217881
3281963
2898946
3396027
2822076
3509441
3643062
2561564
2400564
3192688
2991300
3886968
2855301
3031518
3939915
4609367
2997883
2612780
2671477
2610697
3060696
3293889
3348902
2291681
2548454
2725850
2513004
3221652
2551920
2601082
3271376
3115318
3154353
2320123
2850138
3490773
2499467
2916868
2561202
3013687
4148380
2302734
3212743
3832685
4492269
2976827
3391006
2510091
3620441
3217755
3520444
3095243
2449549
3274911
3425093
3021162
2919030
3993230
3144629
3095032
3349656
3261452
3187594
2551471
2606102
3273628
2572842
2753475
2831106
2513991
3168672
2459714
2456127
3073979
4100055
4423779
2785401
2785640
2976452
3724857
3651162
2301674
2926647
3077909
3313731
2933774
3346065
3244079
3233364
3113318
3640807
2906157
2949961
3457860
3088761
4082093
2866080
2970087
2762873
3573573
3026992
2249582
3072798
2935537
2770647
4004193
2853734
1960468
2829402
3222927
2279051
2999845
3284185
3261849
2626916
3312383
2227628
2926846
3514176
2683286
3325435
2462059
3423178
2854200
2571343
2554233
2187458
2513757
2974277
2516167
3504905
4080148
2528365
3033318
3033998
3712942
3360212
3755118
3195026
3271112
2849602
2642392
2898697
3674421
3470130
3087840
3377270
2194034
3321040
3744011
3396448
2240703
3099717
2677787
3126016
2401979
3527403
3474872
2172350
2420969
3137913
3787201
4016503
3396335
2438960
2943428
3014163
3509850
3841170
3235713
2748394
3466328
2388263
3335635
3335728
3110171
2491116
2209201
2805369
3379450
3035631
4086490
3856909
3528509
4102361
3849937
2508208
2853758
3595987
2842595
2988293
2367552
3400405
3149092
2132404
2713543
2671404
2815319
3715961
5138712
2462282
3144358
3933356
2192649
3218767
2254403
2163860
2674845
3272263
3921073
2499681
3087776
3351390
2440390
2353191
2482294
2127841
2746082
3174961
2311075
2738928
2741226
3692181
3393814
3692824
2880695
3279549
3116513
2880658
2463838
3359237
2790783
3346522
2845725
3343164
3030169
3000943
3837415
2907805
4037053
3781221
3868790
4332010
2344184
2770013
3773347
3216531
2781471
3452623
3951006
2712458
2744757
3181406
2887246
3098682
3287549
2795069
3332250
2882363
2509802
3387070
2745163
2820285
2899894
2918877
2106519
3161047
3008936
2964831
2867790
3467115
3516397
3535328
3380066
3862829
3608223
2626970
2689013
3377778
2919091
2939240
3341373
2940512
3342099
3607751
2552955
3191216
3729534
4054765
3108090
3751202
2102706
2255579
3018736
3122099
3721235
2304284
2534100
3203420
2610475
2572328
2628546
3616529
3395228
3831546
3225999
2692825
3415392
2648229
2449087
3761003
2786117
3287943
2776452
3011194
2887536
3066049
3819192
3281025
3257333
3877889
3000842
2610575
3349793
4024357
4331852
3977405
2637515
3208970
3324652
3418037
4017171
2676377
18659434
1867564
2708881
4716902
3009253
2722415
3698649
2948846
2859596
2161699
2700450
2879795
2292435
2032556
2415331
3730704
3088681
2135167
2556596
2842261
3355781
3338422
1995600
2472859
2908117
2008233
2514060
2246254
2363914
2904654
3833146
1898511
2834477
3862987
2485469
3372707
3249863
2480937
2615712
4140427
2375630
4135128
3067987
2768517
3666795
3122402
2298395
3779151
3360230
2302990
2272063
3078024
3201075
2817250
3671995
3406495
2939715
3235219
3419413
2129266
3110129
2428039
2872080
2510261
1880319
2504713
2769950
2493000
4189458
3979133
2242862
2702846
2551295
3437324
2744360
2049569
3458966
2866279
2888941
2225622
2397777
2279506
3468380
2952543
2465793
2721824
3355257
2711596
2848963
3286596
2684893
3346852
2952623
2686166
3533538
2972165
3192954
2454993
4115955
2849563
2927129
2435255
3288769
2776449
3052353
3157056
2500186
2812463
3400207
3284008
3179819
2267968
2192295
1968992
2359239
1794271
2921046
3608317
2722571
3360376
3363439
4572001
2487550
2910883
3134505
2944443
2109175
2889617
3111367
2165177
2982241
3597423
1966713
2531506
2299734
3843024
3331872
3649134
2620834
3476302
2936752
4194334
3162284
2725480
3532803
3212251
3415358
3382778
3058378
2651149
3029035
2513399
2651439
2482394
2775263
2750301
2944512
3119916
3123282
2396243
3087745
3343591
3076889
3451286
3658005
2719771
4376784
3126285
2724126
2229682
2530038
2803053
2736993
2939399
2756973
3015807
3135433
2250582
2797457
2699847
2492039
3230067
2603185
2424858
3385394
3990603
2382482
2533782
2863788
2813267
3424337
3604238
3180125
3221226
3357755
2335966
2793558
3991326
2401193
2479831
2911170
2767537
1893763
2165872
2673746
2463386
3290753
3517370
2949660
1960893
3035256
3288136
2449397
2881445
3501403
1907700
2628365
2053266
1965961
2607466
2778131
2854482
3325075
2371637
2414757
2959137
2577980
2187657
2314799
2469052
2560558
3590574
2449437
3239994
3752429
1933297
2591446
2401791
2335162
3036646
3769727
3661640
3406952
3515277
3826840
2294237
2689527
3498542
2153586
2402423
2796105
2982247
2918583
1997045
2827798
3214476
3830368
3118008
2873559
3360941
3269443
2678408
2510001
3103684
2803070
3069374
3052316
3632326
2616854
2826177
2896160
2704163
3069897
2475292
3194404
2326691
2306729
3051365
2934314
3176986
3356617
2770160
3414290
2668125
3073412
2788205
2764853
2538526
2771487
3614314
2166184
3318203
2806375
3424049
2813345
2504865
3090659
2038756
2348827
2255075
2407075
2453342
2698834
2088222
2786690
2082618
2524866
2622796
2907162
2663705
3111940
2590486
3191291
2393975
2721330
2650018
2880711
3362827
2688146
2752461
2699264
3025815
2568726
2608867
2913575
2332479
3070459
3792032
2253535
2941328
3232883
2426286
2263115
2383744
3187694
2703695
2858996
3245548
2955743
2192685
2842539
2585466
3257502
3265587
2101259
2857169
2858280
4140709
4049887
2363456
2778214
2894711
3029860
3371605
2559903
1827232
3003892
3224775
2653090
3143427
3044305
3384404
3174724
2286637
2834740
2065791
2398578
2960252
2564148
1725154
3308079
3899565
2340103
2951412
2637006
3128647
3637131
2487222
3460737
2985289
2624501
3630243
3547945
3530403
3497371
3111878
2395902
3058153
2407145
2780815
3549592
3019664
2928365
3538283
2363990
2272656
3082034
3385489
4121967
3692050
2891377
2742472
2918210
2327198
2350548
2692826
2899564
2667501
1799033
3638736
3343614
2018660
2954006
3368985
1757683
2731290
2596869
3902149
3182858
3469782
2393379
2239786
2955336
3677505
2717340
2543371
2973705
4443665
2978573
2540258
3939827
3526785
2697461
3009390
2768620
3214955
3524274
2341425
3217413
2912524
2753510
4844448
2929573
2976761
2816037
2869682
3577359
3403119
3266796
3507621
2505069
2076753
2056135
2865549
3115615
3546606
2839167
3068696
4599009
2912740
3332890
2269668
3381326
3455684
2090729
1952180
2722171
2829798
2842083
2150161
3431882
3835189
2836312
2820893
3495690
3308776
2710945
2816275
2572484
2189670
2445380
2517483
3337501
2402470
3197068
3042974
2884182
2509310
4010246
2400830
3084690
2899962
1768847
2192321
3115543
3775455
3185910
3320421
3768321
2845612
3176385
3530878
3236869
2712382
3346977
3319195
2747303
2863249
2695547
2982099
2483394
2731744
3027724
3376237
2340725
3358416
3025593
2906887
2446410
3705137
3703754
4230615
2363838
2204728
3042988
2800821
2736427
2189450
2745090
2923372
2778289
3627402
3548668
2737816
3625381
4943975
1878363
2626813
2423098
3210806
3583299
2372426
3219737
3722533
3445225
3129409
3382673
3951713
4744872
2591477
3045916
3541824
3946368
2725750
3428502
2914600
2542906
2830040
3259055
2224625
2707093
2629180
2751532
3126837
2871234
4544011
3502012
3844568
1908974
2485457
2961429
2843156
3877583
3142944
3710070
3460332
2617613
3425971
3555734
2582221
2385299
2800394
3317633
2823058
2636543
3688245
2912536
2262061
3199932
3586314
2638749
3496596
3707259
2514321
2212684
2193366
3081969
3081272
2354743
3035263
2528070
2935682
3532438
2247302
3036304
3483810
2569440
2546551
2968916
2748586
2252707
3495503
2939614
3146961
3538575
2310617
3132015
2357142
2992336
2479554
2850731
2952922
3476027
2403004
3165288
3360824
2433719
3882227
2362808
2152845
3561886
2785023
3552388
2842480
2969279
2366668
2955873
2677199
2527033
2707910
2523903
3324138
3244260
3103378
3548009
2805129
2265214
2731769
2475870
4048485
4131856
2640628
2522985
2907115
2669339
2513043
3268382
3682646
2246424
3540186
3026110
2433110
3416840
2240742
2849041
4149580
2622388
3269025
3612761
2488233
2148047
2516625
2325340
3286370
2432200
3185589
3116509
2384656
3771068
2817709
2348731
4507105
3536576
2492895
2441649
3292127
3695212
2655484
3017088
3469300
2989325
3052185
2246079
3719068
3099597
2528976
3131285
2187009
2876509
3011756
2533137
3436337
3281935
2771031
3510582
2829745
3229666
2936094
2908287
2369127
2766044
3170120
2808795
3794919
3495179
3603234
2475917
2199269
7756869
2416014
2099210
3681713
3540963
2310278
3138136
2962064
3427517
3103632
3883161
3760605
2653537
2307414
2913158
2978045
3922670
3208190
2219506
2629118
2533393
2915687
2800726
3941789
2936462
3522563
3194321
2270613
2978455
3748483
3672692
2778707
3182800
3439808
2747252
3257125
3535934
4170019
2516554
3043948
2689505
2997383
3119400
4334031
3553868
2356788
2931181
2931272
3264001
3040577
3455511
3502702
2034201
2525399
3080162
4061690
2539933
2169927
2659665
3006572
3145161
3084680
3225155
3215729
3339050
3830079
2567919
3198175
3702729
2128880
2507872
2648160
2898006
3018483
3486483
3703127
2912377
2251062
3292019
2108283
2783620
3511136
2446244
4105103
2829368
3281725
3525716
3306287
3526702
3461838
2707853
3103013
3379924
3084478
3391767
4158327
2731912
2736821
3049742
3532802
2711174
2553903
3407864
3071639
3142479
3265046
2479911
2973901
3403663
3789805
2990906
3731157
3345444
3063877
3216589
2936243
3067210
2377237
2798638
3236631
2189323
2951930
2910156
3007782
2801160
3316407
2737955
2593464
3860626
2599073
2877588
2692669
3212539
2411052
2082727
3026038
2775632
2997007
2348637
2288805
2807844
3387805
2262608
2859210
3291566
2462753
2899284
2599450
2729378
2918423
3273438
2318379
3221225
3308942
4074573
3124007
2540778
2205725
3096011
6614647
3697387
4077883
5076120
4897822
5573998
5970499
3532502
4579760
3220760
3748034
4633672
4238643
5749005
2940567
4076106
5442823
3875723
4920953
4246899
2955735
4130839
4279166
4918835
2652293
3802564
3968598
2867789
4525244
4513964
3891106
4745846
4507825
5571838
3410439
3468343
3634758
4535255
3747476
3620420
4198414
4807090
3360168
2991295
4467623
4139924
4090053
3752010
5184496
4371711
3970757
3375400
3807386
3595735
3976072
4352327
4234245
5708472
2871062
3736769
5304251
2975496
3372220
3080755
4146439
4176546
3300887
4409014
4096718
3981381
2548659
3566639
4248566
4466649
4299439
4075266
4980087
3027617
3161855
3132142
4199308
2922411
4093117
3763792
2187178
3619639
4096662
4702191
3541839
4550835
3936184
2910158
3706326
3994102
4156307
2806222
3766144
3922878
3153941
3787740
4354767
3808804
3710483
4146093
4745723
5134146
4469169
3274634
3923389
4702447
3819961
3680756
3360770
3420985
4989909
4570303
5766406
3661750
3563060
4495615
4036278
3788375
3115008
4053042
4100396
3793471
5377446
3834740
5228359
3578898
3691968
3578895
4038875
3059465
3428567
4354150
3384431
3932645
2786695
2742333
3882716
4548641
4795062
2987747
4294439
4727017
3602677
4113572
3860229
3547546
3775665
4094318
4396800
4335702
3163408
3020175
3408796
3634243
4789638
4776023
3195741
3749499
5013337
3431358
3223004
3544871
3426467
4133887
4850011
3829679
3731401
3548535
3673405
2969050
4516317
5034288
2718102
3099761
4082410
3245964
3942133
4781828
4058641
4021215
3957668
4113602
2861218
4200227
4383928
3016195
3463398
4444949
3195401
3715984
3858600
3854313
3042571
3909719
4567966
3591094
3230371
3512970
4789570
3159072
1951746
1956493
1935529
2407238
2312170
2158141
4486101
2460676
3200660
5077938
4328730
3257551
4779591
3290740
2762394
3569303
4212015
4583622
2641677
3497469
3635991
4104271
4739488
3566868
4279908
4311280
3792060
4503701
3624238
3535829
2425823
2591519
3146779
3318499
4819395
4780703
3417239
3749679
3539028
2832597
3540345
3421915
3847121
3737640
3132851
3659082
4151123
3105265
3352007
4952130
3476615
4078795
4216032
4716931
4509952
4155540
2961150
4275039
4434458
2878864
4649266
4400300
3255810
3755874
4639223
2995792
3774815
4150416
3583921
3665071
4100992
4010525
4630941
4892009
3313627
5150938
3753779
3065419
3425190
4077724
3482361
4958848
3726399
4577698
3357373
4686116
3909271
4500838
3857518
2995727
3526067
3403177
4926653
4208092
3332389
4877730
2924963
2980857
4155413
4066305
3547221
4358944
4048505
3263343
3823437
4307399
3560199
3922047
4035156
3630451
4715237
4805055
3534637
3548631
4071637
3917409
2126915
2326392
2727105
3659012
3507730
4069422
3259511
3691721
2597797
3633114
4192048
4605737
3072325
4058224
3887223
2915126
4601460
5079796
4624458
3579819
4152434
5274412
3610649
3162795
4790748
5472031
4141833
3779197
3382128
4242652
3332422
4223158
5021236
5468149
3220274
2741224
3789244
4719019
5014406
3390668
3129788
3562417
3701068
2578949
4144489
4631815
4212727
2184739
3483675
3990314
3869736
4941720
3947148
4104085
4666197
3650254
3722239
3117588
3697539
4881664
2980292
3800523
3996994
3391155
4137749
4733640
3798338
4756302
4343064
4349939
4377397
5231529
3079679
2451899
3577371
3191032
4083721
3622065
2893717
3448156
4505683
3194312
3690694
4361183
4176193
2689672
4324196
4850684
4944460
4997410
3902082
3614704
4950016
3431521
4852760
3956740
4441646
2998281
4580061
4312633
1999760
2503334
2272961
2011415
3830707
2493263
2865740
2991148
3123625
4243944
4124566
2780760
2606589
3914246
3623745
4182075
3585344
3486300
4854925
4368960
3309726
3771795
4619578
3334342
2986462
4057279
3880372
5494896
4937510
2932860
3794169
5179496
3142411
3826927
3289272
4064205
4284124
4983207
2908715
3790158
4855813
2794432
3100717
4091400
4451771
3671590
3140377
3892082
4389581
3924235
4725639
3310890
3241316
3280488
2532737
4190921
4777248
3194388
4978004
2796061
3770523
2871804
4680855
5186140
2929202
4218093
3615506
2580764
4284131
3280764
4021810
5297736
3640930
3106127
3907138
3353976
4432035
3946273
3345892
4144200
3254032
3563412
3029603
3766182
2991479
2673520
3050554
4089865
4805317
4648098
4042916
2761899
1944287
3511345
2512241
4400977
4570419
2930838
4645231
4473674
4646522
3867784
3372408
3932584
3976464
3428160
4290192
3425184
4150400
3587799
3160176
4278725
2724981
3732583
3494624
4885684
5156317
4304111
5348187
4444515
3619017
4373849
3345908
3925017
3025910
3983464
5202250
3088524
4157270
3993364
3167870
3929110
3485142
4883013
3649785
4248688
5521428
3302144
4031431
3625770
4108065
3610441
3612375
3730775
3031728
4329505
4241075
4216362
4696552
4005226
3146957
4489977
4560288
3307050
3749380
4816626
2997914
3555023
4167361
4241026
2958297
3511885
3460982
3710826
3533362
2682426
3469875
4485508
4705939
5447211
3651941
3420873
3137879
3856793
4527499
5615903
3315868
3570966
4277384
3610925
3746086
4395307
3287308
3360388
4313072
4681736
4077152
4346974
2773705
3192532
3544644
3818502
3835096
3337457
4538600
4992584
3727900
4594097
4521192
4872287
3054294
4850895
4457314
4071510
4576804
4020893
4596652
4558088
3748732
5058444
3917851
3156375
4624702
3136249
3939387
4149836
3856418
4095006
5234184
4357676
3684145
3784919
4308427
5042695
2500472
2728297
3582208
3227925
3784006
3915745
2624908
4862182
3555275
3414877
4174147
3790719
5387108
4721943
4087398
4494028
3952225
3295845
3458829
4721483
3874467
4337965
4256161
2541884
4100963
3997648
2292644
3298899
4681320
3445931
3039065
3736751
3050646
3784575
4036047
3250848
1997474
2134313
3606844
3177104
4629564
2931015
3524606
3836001
5519939
4200696
3516424
4013360
3599564
3191333
3283380
4473528
4778429
2601506
3851201
3197361
3040762
4186645
2903194
3487948
3474698
3118420
4010692
4655612
3495726
3940560
3894990
3245370
4163792
3808607
4146684
5365410
5054144
3055143
5459011
4246159
4797325
3650069
3926447
2623876
3455452
3599979
2557511
3485010
4039255
3203826
4277223
3575168
3744715
3143115
4309428
2980346
3550730
4480336
2893360
4201794
3533386
2650351
3006729
4763934
3925245
2541903
3832025
4766345
3033747
3143448
4088545
3367974
3410766
3126720
3689083
2258724
2935220
3238651
4326085
5539194
2944358
4093870
3740190
4199361
4512285
3317693
3185870
3706016
4136171
2490927
3559796
5125918
5483270
4488965
3905634
4622459
4201622
4338754
2754732
4485526
3838965
3054505
2967541
3261580
3884898
4889719
2979978
3288322
4249630
3011161
3781461
2974749
4124081
4726468
3939163
3932911
4180482
4532527
5089644
2873004
4154239
3007153
3204701
2252940
3984864
5331186
5306768
3796940
3644141
3714857
4821251
4904518
3195311
4173436
3607191
2998573
3855040
4602787
3316149
3878621
3950821
3697103
3027886
3241412
2475583
3551012
3845521
3279487
4129343
4912181
3277006
4232530
4126872
2841677
4410531
4422997
4975668
2992783
4138581
3701269
2339080
3069914
2005108
1652235
2874210
3860638
2540464
4342813
2343814
3916598
4932616
2282187
3293250
2431381
2225460
3324835
4234744
4598853
4762591
3914727
4223545
2618511
2930698
3247692
4205654
3561028
5107704
4506979
2616522
3189388
4518364
3462520
3073413
3212971
4257629
3826993
3485090
4169062
2536863
3441706
2898181
4641006
4552761
2598695
3424950
3319774
4598000
4337926
5192276
2983203
3585695
2972476
3417823
3014743
2881406
3390715
3745127
4774119
5223341
4132219
2624225
4178881
4248269
3499112
3884956
4415321
3345028
3386981
3346005
3778252
3819795
3606509
4613034
3666343
4436019
3052499
3180645
3088598
3357584
3889435
4486294
4900073
3033668
4427190
4656918
3554826
3068495
3456283
4761621
4513234
3433469
3814964
4699664
3306250
4638793
4513564
3049673
4417133
5376600
3490076
3000501
3838796
4293517
3668606
3498069
3204971
4692033
5336290
2807049
3442895
3018407
2821923
2926332
3046800
3154754
3623755
4244426
5234381
4283658
3464693
3584254
3840133
4720541
3740750
3556479
3646895
2478527
3719180
4405230
5115877
3538331
3709925
3267361
4219772
4506087
3155270
3282835
3962631
3171870
4365426
4386916
2765571
3349792
3369154
4061826
2980818
3462594
3973056
4000556
3535196
2904231
3458210
4876595
3258035
4057450
2576583
3686618
2698622
3438661
3412334
3550181
4603259
3316615
2673740
2494507
3956143
4738075
5263342
5543043
2778402
3428030
3568331
2482889
4065677
4011993
3524003
4672172
4584011
2979975
2523753
4048743
4464571
2872689
2747536
1855587
3195335
2683549
3586777
2698282
3932280
4603249
3363560
3378065
3520551
4969195
4169971
2865097
2896576
4306624
3211733
4407300
4389819
2709319
5640381
7915860
5049095
5071783
3955083
4773927
4463749
5519542
3233579
2265202
4306071
5561957
2903882
2999225
3566152
3019722
4251551
3941254
2789117
3488833
3604951
3968287
4850879
3894654
3882190
3376652
3659256
3124765
3428157
4198204
3201588
4354784
4066571
3537142
3735531
4070637
3972747
3340614
3070188
4776598
3954568
3747274
3522019
4706353
4699841
3065598
4217659
4873335
2872080
3886486
3485168
2729793
3376706
3983575
2628459
3138774
3886385
2671499
3194550
2961465
3571190
3749846
2848039
3401546
3932588
2753082
3935685
3833636
4130158
3715584
3750937
4881516
3856597
3614848
4416871
4241736
2872088
3638448
3897748
3638863
4088376
5255119
4183298
5465132
3350164
4252120
3175431
2661780
2860569
3623816
6886286
3427026
3712873
3360866
3140299
3007207
3595188
3794592
3000066
3461040
4083335
2495825
2616117
3668535
3435088
3453718
3485108
3808689
3316261
4725649
4656691
4209665
3952335
4609104
3022295
4386026
4482852
3286773
4065052
3637610
2730196
3695389
3654952
3406039
3158837
4241667
3432571
4673579
5023252
2468966
2891910
3900940
2979657
4195594
4487594
3082538
4052700
3265624
3496637
2947449
3545208
3177620
4148922
5375740
2880426
3825000
3514484
4169004
4095179
3950827
4555955
4176157
3027511
3541045
3212931
3027145
4409472
3989447
4515028
4877120
4972107
2803739
3737621
3524809
3062375
4324532
4871354
4679491
3854073
4282710
3760144
3498689
4451582
2852611
4359577
4335127
3338891
5985945
4386336
3315360
4353778
4817754
3730350
3940602
4164667
3271289
3029933
4762330
3878213
3045414
3787330
4017637
2765193
3948758
2552724
3308409
4288274
3509980
3833839
4393020
2361835
3266326
3018326
3222318
3441879
3581095
4534558
4619639
6050972
3017247
4119766
4839529
2981875
3907679
3654966
3083958
2888403
3850797
3284420
4467342
4004556
3308913
4750011
4987706
3144808
4724449
4130586
2782852
3218312
3389889
3609932
2682895
3678963
3335524
3639759
3541787
4091606
3858788
4388637
5300966
4047907
3785249
4071896
5133288
4068036
4811506
5771664
2783240
3805718
3511737
2554063
2621228
4186831
3752781
3153365
4315306
3747819
4058342
4215921
3329883
4471481
3425805
3764057
4287513
4035347
4432971
3826791
4511254
3167937
3956964
4023290
3790944
4982444
3043173
2927447
3218506
4744737
5317019
4514011
4531822
3888160
2830462
4923628
4810438
3408107
4155573
4616934
4901995
5657877
4602026
5283004
4506749
3449012
3704664
4329208
3962219
4328103
2800631
7941195
3569899
4562747
5089604
3974586
5112879
4540062
3493225
3543228
3986191
3552864
4586743
3592960
2662188
4046034
3094055
2663561
3619798
3799913
2945769
3557311
3863051
3744105
4031462
5205990
4786973
3097658
4069483
4335530
3125284
4378032
3568245
4036532
4691949
3213332
4507213
3790708
3214682
5766311
4440532
3514747
3175680
3505630
3250142
3961663
3093186
3604014
2647016
4018335
3734232
3659647
3975261
5136388
4072405
3324499
3952187
3907648
3134426
3340656
4454573
3296255
4402614
4731810
3657682
3731989
3481473
2979636
4071725
2965981
3728921
3470005
3981181
4824807
3835315
3039908
3264283
3037695
4992299
2950945
2522884
4274178
4110727
3131168
3800769
3963178
4117045
4603186
3865463
3102592
2775269
4027195
3895477
3156470
3761981
4879068
4504189
4877065
4868425
2560008
3611384
4103376
3840217
4781420
3370980
4718128
3363692
2893853
5035140
3628336
2570146
3546070
3908732
3404125
3845854
3354012
2835975
4158923
4478624
4668095
2729999
3762624
4325658
2602655
3127751
2909197
4127097
4345920
3527576
3793234
3830655
3293276
4190136
4600594
3053908
3798318
3339840
2937790
3954529
4210001
2863697
2546636
3498517
4307437
4890946
4511246
3134456
4041253
3593158
3036307
3747575
3627354
3033902
3988668
3500550
3912882
3918059
4758066
5047229
3137896
4966684
3586840
4981686
3781050
4111111
5434793
4536421
4185435
3459706
3840981
4887837
2824236
3488048
3074812
4044377
3840484
3539987
4023254
4198448
3430035
3645661
3452873
4260647
3340851
4006984
3551570
3688353
3429463
3812799
3446454
3359119
4071581
4526977
3315520
4203456
3960208
4072321
4473214
2705083
3674580
4278601
3016398
3215719
3922492
5308995
4081124
3283503
4220672
3334509
3344241
2782655
3636162
2825214
3996095
4729936
4310464
2902339
3685631
2853037
4586161
3915378
2966634
3471397
3763342
3424192
3697425
2733363
3005315
3915833
3828626
4789074
4186832
4311697
3092318
3624654
3955324
3978280
4815944
5725064
3418272
3963489
3744865
4782797
3380810
4577988
4895754
5103443
3476021
4324869
3315006
3045997
4006037
3659388
3492669
3707759
4395668
3829385
3818238
3945869
4111079
4351744
3233534
4440492
5125206
4938447
3733821
4145801
3303743
3223687
3444338
3743145
3441317
4175241
3560907
2826101
3103738
4388876
5142613
4093211
3586837
2513479
3300895
4279975
3068977
4192201
3550973
4134239
4459067
3861651
5186657
3988046
4341355
5242603
4074453
3546295
3594574
2808492
2933439
3508435
3904150
4819082
3731418
3496876
4353716
4301559
3823658
4057070
2913018
4654233
4322214
3663765
5052697
3513939
3023634
4434223
3436809
3696273
5473110
4103071
4024929
4105844
3432213
3649243
3297192
3626330
4497484
3893831
4361614
4764863
2718335
4721812
3588620
3258620
3664403
2750458
3635129
4491929
2735130
4047551
4425443
3532443
5197993
3561109
3707670
5071176
2911958
3421383
3654726
3523181
4229175
2545233
3791960
4490306
3542097
3717921
3594213
4762787
4772843
5075161
4764241
3556643
3763079
3862328
3146878
4159828
3834291
2985136
3536146
4341802
4619332
3316087
4311230
4304504
2331914
2864382
3787627
4217042
4270927
3142208
3208766
3194652
3922675
2682399
3101062
4782032
4971459
2929084
3268862
4264784
4437381
3076088
3485749
3841521
3844599
3204351
4032164
4127720
2553383
3691131
4547403
3247509
3152583
3921368
2579518
3285000
4170754
5731758
4515269
3328630
4316196
3866939
3451147
3946646
3304410
3873832
3140636
3726584
4309561
5043673
4787882
4125417
5263009
3732834
4294473
4262303
4953969
4397881
4103866
3107153
4206804
5331756
4309538
4910022
3048530
3920331
4385383
2975073
4445793
4910443
3109158
3161236
3379579
3799275
3864250
4270354
2430969
3057885
3868262
3105262
3850555
4344425
5046583
3648061
4762955
3343633
4258425
4625862
3287400
3595248
3425664
3720164
3575765
3129715
4108779
3751046
3374502
4038423
3564060
3156150
3885171
3655978
3375024
3069579
5099690
3550224
4915947
4501308
3967970
3137682
3681527
4706440
4247278
3864736
3256060
4399471
3617311
3568614
3114849
3738836
2760697
5380164
3497785
4113543
3293880
4032791
3661764
3686627
3650771
3340254
3901571
3471911
3227459
3627800
3683617
3250319
4355391
3567410
3757918
4341333
3310689
3340900
3448285
3623405
4057382
5200263
4338120
4314627
3968651
2952895
3781815
3479253
3545869
3839399
3459482
3470992
3947890
4786468
3590305
3277471
3403244
3192028
3745601
4416748
3383655
4330711
5690282
4368964
5212324
3751752
2999954
4042815
4354334
2708904
3661461
3530483
4628946
3982488
4939804
4527889
2956047
3335587
3864553
4303576
4005726
5438946
5100756
4070432
4651440
5013921
3708944
3628660
3999261
3597630
4390399
4808527
2384309
3085284
3101844
3388818
3791343
3637790
3376420
3064230
4062057
4490982
17939485
2189019
3401901
3180111
3576157
3799838
3472881
5901441
3894036
3825083
3263046
3021455
3388377
2598226
3484290
4532914
3165526
3708432
5058979
3988117
4690051
2992458
3492841
3276273
3305727
2980747
4088357
2868070
3092336
4309336
4593307
2911040
4065395
3824940
3531077
2768434
4237836
4411911
3944881
3405673
3031117
4219830
2639127
3709007
4380839
3553002
3948574
3615757
3854823
3628405
4157936
3899111
4811923
4229248
2904367
3525797
3271175
4589024
3496810
4290589
4124295
3882178
2804977
3083469
5034846
3379569
3265553
3868980
3507014
3607904
2625309
3388778
4137778
2205722
2966843
3370786
3754632
3716236
3762906
3493912
3270867
3936579
3395376
2924325
4275609
3549504
2875445
3867069
3975252
2189617
3007045
3034935
3461929
4500906
4050090
3228286
3069665
3987311
3418908
3060481
4507674
4867995
2641810
3377504
4093773
3115561
3872222
4337422
3664762
4054633
3962719
3703328
3555819
3370444
3755762
4523722
2997367
3036069
3260572
4964149
3575621
3377346
3821946
2413585
3507034
2104687
3187787
3138937
3948384
2960512
2837839
3835450
4615392
3213751
4346687
3708190
3746138
3690925
3099807
3851969
3041198
4367081
4489388
2882540
3417098
3298686
2468248
3447207
4258714
2760113
3618303
2669183
4135429
3541569
3448451
3938688
4196648
4040111
3990608
4814198
3349374
3750002
3452608
3574986
3052144
4193811
2571070
3631566
3717700
3278322
2540231
3310544
2645027
3287840
3565033
3650862
4486405
3204198
3507159
4606888
2794940
3295287
4233061
4496375
3717953
3327559
3756446
3381866
3039508
3432896
3726875
3103961
4217995
4004175
2985647
3201789
3602930
3266208
3459007
3829792
4027860
3703574
3815416
6605929
2450189
3962741
3992555
4648282
5680457
3211341
3503453
4769854
3427935
3792607
4547314
2686844
3441107
4664944
3250871
4517094
4046986
2930831
2964218
4592474
4991687
3671092
3348980
4187471
3700079
3478820
3107082
3546112
2826972
3283635
2926065
3972393
4010416
2746451
3118394
3315523
4638575
3697810
4101434
2825475
2395550
3583885
3780594
2833183
2722645
3463920
4218084
3943180
2830541
3889271
2892785
3539603
4000807
2693128
2787547
4007145
4845571
3720771
3670266
2682934
3632354
3556222
3344940
3801518
3531582
3724643
3171507
3037333
3677354
4089965
4114000
5044720
3881450
2817475
3396062
3691283
3178058
4152453
3795278
3527293
3667336
3889481
3152352
3414447
2956677
4050503
4801063
3800005
4156681
2377508
2171970
2200962
4455446
3679661
3196534
3188814
2393486
3236967
3667594
3916203
3850430
3295033
3243414
3535260
3860788
4507050
3703902
3323175
3437424
2920333
2864847
2696796
4331962
4355487
