37694847
3423892
2484788
2673479
2648323
3413321
2412643
2568634
2432155
3196929
3962691
3216325
3828893
2879488
3278354
6842737
4041948
2147648
3307660
2446773
2918726
1853784
2423429
2175537
2539754
2445842
2848364
1900589
2149719
1689887
3120740
3898406
1953571
3015910
2535286
4073609
3747163
3896882
1347453
2048742
2146962
3490427
1464266
1580535
1952632
1398352
2031796
1756104
1928452
1425927
1791148
2549551
1980025
1334865
1560935
1689204
1350513
1879940
1455192
1306517
1579307
2235249
2173224
2124478
1631548
1344691
1806049
1411007
1314607
1084180
1146823
1195515
1423791
1563643
1296304
1566757
1720763
1238911
1420289
1179577
1050149
1057690
1248297
1143440
1502336
1440209
1149582
1652381
1180628
1245899
1316546
1136202
1651456
964418
1248058
1445710
1189660
1327556
1209876
1699217
1218058
1324099
1471384
1447914
1831019
1077447
1407342
1117121
1127637
1792210
1018321
1205819
1097280
1124150
1118832
1388377
1188291
1208961
1434075
1120920
1196715
1503143
1535231
1127368
1170834
1402469
2134470
2441628
1260670
1356077
1040619
1806986
1130392
1202221
1127353
1102013
1411256
1190684
1293292
951229
1061861
1235595
1436731
1055033
1179266
1118253
1121891
1129556
1323853
1018213
1587161
1519244
1718881
1784810
1948214
2492124
1137402
1153946
1259415
1309305
1591602
1565239
1822647
1876151
1035833
1067285
1531274
1571357
2221497
1283955
1112923
906202
1206228
1081210
806531
1023714
1171708
1060496
1110735
1068037
1057829
1130524
1429041
900696
909485
1234131
1251821
1855075
2311255
1069729
1283422
1768124
2454338
1215010
1695651
1435507
925714
1310917
1574781
1723123
2048939
1097306
1764402
1820720
1381331
1276725
1084725
1218975
1833381
1046733
1118236
1185020
2011701
795611
1086818
1282576
1843471
1155284
1363047
1602648
2029133
1844749
1116773
1303050
996199
1168947
1174871
1365053
1290975
1740563
2137686
1853854
1071019
1134400
1081734
1219195
1563581
1206363
1339557
1205712
1468088
1841669
1891716
2097398
1001653
987100
1589119
1590483
763208
931138
981149
1453228
1676996
1335147
1627560
1419048
1201353
10203730
874809
993423
892672
939384
994274
1968276
1248621
1254445
928103
1032975
978731
1013676
1270658
1656187
1894028
1119668
1054279
1086748
1027170
1172396
1151715
1553441
1350466
896878
1459212
1263429
1221449
1048423
744480
790736
1233918
2604483
1116423
1566525
1139170
1074619
2002047
1367931
4318679
1479900
3733990
1266791
3451326
924324
1731512
794112
812587
1421739
930988
1141700
934280
938301
1582716
926207
1099927
1045564
837268
1446140
1216661
2486624
1739081
1568227
1040170
828474
945883
952145
1200025
911297
907982
1190915
874332
899636
2049267
989205
1298285
991526
1393975
1128238
883900
973963
851152
1041913
945475
871421
825565
948103
948021
1354179
1089319
1629496
1867878
1450878
999584
949627
983180
890461
927801
1195274
970697
1420281
1168529
943196
1010700
838459
1072211
969085
787261
1558570
733554
1506173
1143687
893464
1314157
925276
1133516
1568428
867462
1236802
907802
1243513
1271243
1025119
1627361
1064689
2074328
1135865
1562621
1452371
948708
1349835
1079823
1255401
1223261
881720
1426633
950214
877787
1398846
962694
1485933
862160
1136607
1273395
996986
1574924
1185364
897296
1919791
1041699
1933057
952481
1550594
1504321
972946
1269707
998712
1070249
1092724
1136451
1357906
1332298
2538096
1489397
4124785
1113609
1102971
1064638
1351649
2608162
1178050
3073177
1139391
1645611
1391881
1044173
1339950
1088998
1399540
999403
1354499
1106061
1037868
1152059
1039569
1015886
994647
1016796
1121900
1127639
1263482
2838671
1259503
7368205
1205451
1102325
1148748
1135770
1235530
1109402
1102732
1051698
1048917
1216986
1047285
854575
866400
818990
1093629
1264325
1074402
906317
833598
865630
923392
885494
826099
811111
1078249
1021265
905080
1093304
1125926
881201
846275
6306839
808342
887848
10564526
827788
921254
835694
805689
1135197
868312
906965
843862
957567
832263
1033928
1023561
1630118
1004728
829948
770239
725097
720401
714718
687304
670856
926946
739301
883496
1253144
1223232
1056630
1101855
708144
841814
850900
866067
1021340
1059119
1020194
1304136
1337286
1418677
1415045
1430696
1698864
1853021
746421
840140
594067
959857
797344
818465
1031157
1157541
1215158
1008675
804151
696484
654563
839267
774300
887306
807917
1944623
998391
971507
1026052
938526
748095
1232612
1261006
1117599
1096673
737770
671204
691771
833953
815318
865480
638529
649397
604012
609942
602140
754258
708292
1068215
1650344
797558
823310
883549
872506
1041635
1002467
889238
776695
865518
996294
899923
833928
981751
916651
894100
2738306
864880
877103
915511
790684
932050
834689
642972
635360
747721
729834
763824
602175
732740
930317
748968
1341819
2083553
816233
805476
806687
871647
972027
948234
1178227
1135096
1121386
1059521
703282
1001437
1140047
1806702
725476
904936
929216
1116575
982988
964364
1154815
1287472
768611
776185
847080
785099
1261341
1561898
1833545
1009492
704543
891637
1050737
1035187
798876
1139287
1311179
868565
785920
641804
798217
783536
728300
947555
887196
1043835
1031226
1138206
1177741
1299617
1327733
1547888
738553
954084
908121
860202
1003968
918435
819372
1128495
1091257
1233017
917078
1164343
647019
841179
840501
1326120
856995
824800
1444233
885490
851292
1090025
1084196
1144784
1165469
1181544
1355766
1311394
1316626
1328960
1200728
1403403
887658
777438
967979
928249
1175134
1237265
1574494
1117575
1669945
1306591
785428
1053147
1091986
1173551
2024504
1932921
815935
928314
1388432
636597
612137
805329
789636
958589
1137599
1273489
1478585
1014617
745725
1022047
1039984
1103127
1085593
1083797
1164153
1062618
1294425
1660952
1220780
1019111
1273370
879482
872826
856327
839680
872863
884453
858401
873434
916706
890639
886030
966806
888076
1179381
823607
2608723
840966
806739
772936
706513
753585
775387
787818
745546
614731
685184
640630
587572
573731
879973
684778
638495
898799
727168
744976
731043
639818
1649120
1127276
8363527
943058
970033
1181270
1068871
1145055
1250465
938137
831977
672688
947980
838630
1163119
1677883
959311
971836
1031115
983421
953551
2867291
1362284
996854
1021579
920059
958979
967221
1054933
1143917
813162
688809
995953
649107
677865
629968
666460
642916
637958
600946
649467
1309162
958012
981700
952031
874313
658466
770003
651734
575885
2530820
815109
796741
688307
759263
790214
720469
649263
985283
721775
666767
666233
577214
704370
717008
796403
673709
570443
615106
679821
644264
600055
657186
936225
646409
795784
728689
710301
751763
965042
953380
1112536
1088675
1141320
1218114
1231033
1401304
1385175
1098510
1169068
988452
962306
1181351
1220191
1266413
1351325
1151885
667224
896144
804614
843465
774613
763324
789421
985427
911413
1089310
1509826
1084986
1043116
1317123
1335073
1488094
1389414
1283775
1245036
1419390
1484393
1406453
1299477
784875
1225160
1740667
676668
752237
826159
816730
937669
935664
1851650
1686419
771911
701583
599158
637848
1035391
1602252
673423
663385
865887
1121741
727862
643433
561819
561753
742699
743310
1124268
1210283
722075
648702
736468
706464
1001935
700130
714109
691942
694522
597588
691313
796455
950539
1578243
598631
552252
838698
960127
640067
693997
668540
711685
1067341
672503
680116
1013207
625266
1520883
724013
785450
609024
594289
779099
762997
912064
969632
1092789
1068585
1177565
1222615
1200573
1173185
1183945
1270778
709970
1183113
1088628
907071
958965
875032
1000738
974596
1067395
1115276
1092669
1135814
1149209
1112370
1065261
1820621
666029
796169
794265
635064
630464
675821
728623
844048
913114
876540
908049
873213
841171
1234511
1322354
1690149
1459296
1088097
1735803
1008546
1002502
1216295
1302802
1333588
2002911
1566414
